0 0.41434108527131785 0.575 0.13565891472868216 0.034444444444444444
0 0.8662790697674418 0.5761111111111111 0.09224806201550388 0.035555555555555556
0 0.6430232558139535 0.5769444444444445 0.11085271317829458 0.03388888888888889
0 0.17209302325581396 0.5780555555555555 0.11007751937984496 0.03611111111111111
0 0.1635658914728682 0.7588888888888888 0.09767441860465116 0.035555555555555556
0 0.8767441860465116 0.7597222222222222 0.11937984496124031 0.03388888888888889
0 0.4062015503875969 0.7605555555555555 0.11472868217054263 0.035555555555555556
0 0.6523255813953488 0.7605555555555555 0.13565891472868216 0.03222222222222222
0 0.7968992248062016 0.9438888888888889 0.10697674418604651 0.034444444444444444
0 0.17054263565891473 0.9438888888888889 0.11007751937984496 0.03222222222222222
0 0.47945736434108527 0.945 0.10155038759689923 0.034444444444444444
0 0.41007751937984493 0.20777777777777778 0.13333333333333333 0.034444444444444444
0 0.6325581395348837 0.2086111111111111 0.09147286821705426 0.03277777777777778
0 0.8728682170542635 0.2088888888888889 0.10697674418604651 0.034444444444444444
0 0.17635658914728683 0.2088888888888889 0.12015503875968993 0.03333333333333333
0 0.17286821705426356 0.39166666666666666 0.11472868217054263 0.035555555555555556
0 0.4112403100775194 0.39166666666666666 0.1248062015503876 0.03666666666666667
0 0.8662790697674418 0.3925 0.1 0.03388888888888889
0 0.6236434108527131 0.3925 0.07519379844961241 0.035