0 0.7329143754909663 0.5927777777777777 0.10840534171249018 0.03333333333333333
0 0.10369206598586017 0.6627777777777778 0.1272584446190102 0.044444444444444446
0 0.4147682639434407 0.6691666666666667 0.1178318931657502 0.03166666666666667
0 0.882560879811469 0.8347222222222223 0.11076197957580518 0.03722222222222222
0 0.42498036135113904 0.8966666666666666 0.13982717989002358 0.03666666666666667
0 0.10722702278083268 0.8997222222222222 0.12961508248232523 0.030555555555555555
0 0.10133542812254517 0.21611111111111111 0.12254516889238021 0.03333333333333333
0 0.4218381775333857 0.21638888888888888 0.13511390416339356 0.029444444444444443
0 0.7321288295365279 0.28833333333333333 0.12097407698350353 0.03111111111111111
0 0.098586017282011 0.43694444444444447 0.11547525530243519 0.04722222222222222
0 0.4293008641005499 0.43805555555555553 0.1406127258444619 0.041666666666666664