0 0.9143410852713179 0.7061111111111111 0.1511627906976744 0.04777777777777778
0 0.4197674418604651 0.7063888888888888 0.14186046511627906 0.04833333333333333
0 0.665891472868217 0.7080555555555555 0.14418604651162792 0.04055555555555555
0 0.17984496124031008 0.71 0.14573643410852713 0.043333333333333335
0 0.6612403100775194 0.9325 0.13798449612403102 0.05277777777777778
0 0.4193798449612403 0.935 0.13643410852713178 0.051111111111111114
0 0.9034883720930232 0.9363888888888889 0.13565891472868216 0.04833333333333333
0 0.1821705426356589 0.9386111111111111 0.15503875968992248 0.045
0 0.9054263565891473 0.25277777777777777 0.13643410852713178 0.05555555555555555
0 0.4251937984496124 0.2538888888888889 0.14806201550387596 0.052222222222222225
0 0.6643410852713179 0.2538888888888889 0.13953488372093023 0.05333333333333334
0 0.175968992248062 0.26055555555555554 0.13643410852713178 0.03888888888888889
0 0.1813953488372093 0.4802777777777778 0.15038759689922482 0.04833333333333333
0 0.4135658914728682 0.4802777777777778 0.1263565891472868 0.045
0 0.9050387596899225 0.4866666666666667 0.13410852713178295 0.034444444444444444
0 0.6604651162790698 0.48777777777777775 0.13488372093023257 0.035555555555555556