0 0.12247191011235956 0.6772222222222222 0.1850187265917603 0.03
0 0.4460674157303371 0.6775 0.16104868913857678 0.028333333333333332
0 0.7584269662921348 0.6925 0.1700374531835206 0.018333333333333333
0 0.11872659176029962 0.7130555555555556 0.1805243445692884 0.04388888888888889
0 0.4453183520599251 0.7130555555555556 0.17153558052434456 0.041666666666666664
0 0.7558052434456929 0.7155555555555555 0.1707865168539326 0.028888888888888888
0 0.8044943820224719 0.9325 0.11685393258426967 0.018333333333333333
0 0.13595505617977527 0.9336111111111111 0.13258426966292136 0.028333333333333332
0 0.46928838951310864 0.9363888888888889 0.1250936329588015 0.017222222222222222
0 0.7805243445692884 0.9638888888888889 0.15580524344569288 0.04777777777777778
0 0.449063670411985 0.9661111111111111 0.15056179775280898 0.042222222222222223
0 0.11722846441947565 0.9697222222222223 0.1700374531835206 0.04055555555555555
0 0.902247191011236 0.12611111111111112 0.13707865168539327 0.025555555555555557
0 0.9127340823970037 0.16027777777777777 0.11910112359550562 0.045
0 0.4606741573033708 0.4241666666666667 0.15580524344569288 0.029444444444444443
0 0.12209737827715356 0.4266666666666667 0.14232209737827714 0.03222222222222222
0 0.7621722846441947 0.42916666666666664 0.15955056179775282 0.017222222222222222
0 0.7614232209737828 0.45861111111111114 0.16404494382022472 0.04388888888888889
0 0.449063670411985 0.46 0.1700374531835206 0.044444444444444446
0 0.11910112359550562 0.4625 0.149812734082397 0.04055555555555555