0 0.9298449612403101 0.7013888888888888 0.10155038759689923 0.05722222222222222
0 0.6034883720930233 0.705 0.11550387596899225 0.058888888888888886
0 0.2779069767441861 0.7147222222222223 0.1062015503875969 0.08166666666666667
0 0.2775193798449612 0.8916666666666667 0.11162790697674418 0.05333333333333334
0 0.6058139534883721 0.8966666666666666 0.11395348837209303 0.06444444444444444
0 0.9205426356589147 0.9 0.1062015503875969 0.07111111111111111
0 0.27015503875968994 0.1613888888888889 0.09224806201550388 0.050555555555555555
0 0.6015503875968993 0.16583333333333333 0.10542635658914729 0.06166666666666667
0 0.9306201550387597 0.17166666666666666 0.1124031007751938 0.07333333333333333
0 0.6 0.34055555555555556 0.11472868217054263 0.052222222222222225
0 0.2751937984496124 0.34805555555555556 0.10387596899224806 0.06277777777777778
0 0.924031007751938 0.34833333333333333 0.10542635658914729 0.07111111111111111
0 0.6073643410852713 0.5205555555555555 0.11395348837209303 0.05333333333333334
0 0.9193798449612403 0.5216666666666666 0.08682170542635659 0.05444444444444444
0 0.2744186046511628 0.5266666666666666 0.10232558139534884 0.06777777777777778