0 0.8465116279069768 0.7152777777777778 0.1937984496124031 0.04055555555555555
0 0.18023255813953487 0.7155555555555555 0.1434108527131783 0.03666666666666667
0 0.5170542635658915 0.7158333333333333 0.15503875968992248 0.03611111111111111
0 0.21356589147286822 0.9411111111111111 0.21007751937984495 0.04
0 0.5155038759689923 0.9436111111111111 0.16589147286821707 0.03944444444444444
0 0.813953488372093 0.9438888888888889 0.12558139534883722 0.03888888888888889
0 0.8286821705426357 0.25333333333333335 0.15658914728682172 0.04
0 0.22751937984496123 0.2544444444444444 0.17906976744186046 0.03666666666666667
0 0.5422480620155039 0.25527777777777777 0.162015503875969 0.03944444444444444
0 0.4941860465116279 0.4802777777777778 0.1263565891472868 0.04055555555555555
0 0.8267441860465117 0.4811111111111111 0.1511627906976744 0.04
0 0.1748062015503876 0.4825 0.1325581395348837 0.03944444444444444