0 0.8728682170542635 0.7102777777777778 0.15348837209302327 0.041666666666666664
0 0.624031007751938 0.7125 0.22635658914728682 0.042777777777777776
0 0.1313953488372093 0.7130555555555556 0.237984496124031 0.041666666666666664
0 0.3755813953488372 0.7130555555555556 0.22868217054263565 0.04388888888888889
0 0.8748062015503876 0.9405555555555556 0.1945736434108527 0.042222222222222223
0 0.1248062015503876 0.9416666666666667 0.13178294573643412 0.03666666666666667
0 0.37713178294573646 0.9419444444444445 0.18372093023255814 0.041666666666666664
0 0.6251937984496124 0.9436111111111111 0.2131782945736434 0.042777777777777776
0 0.6189922480620155 0.25222222222222224 0.1511627906976744 0.03777777777777778
0 0.8697674418604651 0.2525 0.24806201550387597 0.041666666666666664
0 0.1251937984496124 0.2525 0.1682170542635659 0.041666666666666664
0 0.3864341085271318 0.25305555555555553 0.21627906976744185 0.042777777777777776
0 0.3813953488372093 0.48444444444444446 0.17519379844961241 0.042222222222222223
0 0.12751937984496123 0.4847222222222222 0.18992248062015504 0.04055555555555555
0 0.6271317829457365 0.4847222222222222 0.21550387596899226 0.042777777777777776
0 0.8744186046511628 0.4855555555555556 0.13953488372093023 0.04