0 0.6031007751937985 0.7058333333333333 0.11472868217054263 0.055
0 0.9166666666666666 0.7063888888888888 0.09069767441860466 0.05388888888888889
0 0.2717054263565892 0.7166666666666667 0.1062015503875969 0.08
0 0.6011627906976744 0.89 0.1186046511627907 0.05444444444444444
0 0.2748062015503876 0.8941666666666667 0.10465116279069768 0.06055555555555556
0 0.9232558139534883 0.8991666666666667 0.09457364341085271 0.07388888888888889
0 0.9182170542635659 0.16 0.08139534883720931 0.052222222222222225
0 0.6011627906976744 0.16527777777777777 0.10930232558139535 0.06388888888888888
0 0.2751937984496124 0.17416666666666666 0.13023255813953488 0.07944444444444444
0 0.26976744186046514 0.3413888888888889 0.09302325581395349 0.05388888888888889
0 0.9255813953488372 0.34444444444444444 0.09767441860465116 0.06
0 0.5968992248062015 0.35305555555555557 0.10852713178294573 0.07944444444444444
0 0.2771317829457364 0.5247222222222222 0.10155038759689923 0.06055555555555556
0 0.924031007751938 0.525 0.10387596899224806 0.06111111111111111
0 0.5914728682170542 0.5261111111111111 0.09767441860465116 0.06555555555555556