0 0.6209302325581395 0.7111111111111111 0.16744186046511628 0.03888888888888889
0 0.13217054263565892 0.7119444444444445 0.14651162790697675 0.03722222222222222
0 0.8686046511627907 0.7130555555555556 0.20852713178294574 0.04055555555555555
0 0.3817829457364341 0.7136111111111111 0.175968992248062 0.03944444444444444
0 0.8643410852713178 0.9427777777777778 0.23410852713178296 0.03777777777777778
0 0.3817829457364341 0.9430555555555555 0.1558139534883721 0.04055555555555555
0 0.1313953488372093 0.9436111111111111 0.15891472868217055 0.03611111111111111
0 0.6158914728682171 0.9438888888888889 0.22248062015503875 0.03888888888888889
0 0.622093023255814 0.24833333333333332 0.15426356589147286 0.042222222222222223
0 0.3798449612403101 0.24861111111111112 0.20930232558139536 0.04611111111111111
0 0.8682170542635659 0.24944444444444444 0.22945736434108527 0.04
0 0.13062015503875968 0.2525 0.15426356589147286 0.041666666666666664
0 0.875968992248062 0.47944444444444445 0.18449612403100776 0.042222222222222223
0 0.6209302325581395 0.48194444444444445 0.19844961240310077 0.03833333333333333
0 0.1298449612403101 0.4836111111111111 0.18527131782945735 0.04611111111111111
0 0.3736434108527132 0.4841666666666667 0.17519379844961241 0.04055555555555555