0 0.6682170542635659 0.7075 0.14728682170542637 0.049444444444444444
0 0.9065891472868217 0.7080555555555555 0.1434108527131783 0.04611111111111111
0 0.1821705426356589 0.7088888888888889 0.15038759689922482 0.052222222222222225
0 0.425968992248062 0.7133333333333334 0.14806201550387596 0.04111111111111111
0 0.887984496124031 0.9341666666666667 0.10310077519379846 0.05277777777777778
0 0.6662790697674419 0.9358333333333333 0.14651162790697675 0.049444444444444444
0 0.4232558139534884 0.9402777777777778 0.14263565891472868 0.04833333333333333
0 0.17945736434108528 0.9452777777777778 0.1449612403100775 0.03833333333333333
0 0.665891472868217 0.24666666666666667 0.14108527131782947 0.06555555555555556
0 0.17519379844961241 0.25305555555555553 0.13798449612403102 0.050555555555555555
0 0.42713178294573645 0.25583333333333336 0.14883720930232558 0.04833333333333333
0 0.9112403100775194 0.2563888888888889 0.1496124031007752 0.049444444444444444
0 0.9042635658914728 0.4791666666666667 0.13565891472868216 0.05388888888888889
0 0.6651162790697674 0.47944444444444445 0.13953488372093023 0.052222222222222225
0 0.42713178294573645 0.4825 0.14573643410852713 0.04722222222222222
0 0.18294573643410852 0.48277777777777775 0.15348837209302327 0.043333333333333335