0 0.6631782945736434 0.7011111111111111 0.1449612403100775 0.044444444444444446
0 0.9081395348837209 0.7016666666666667 0.1062015503875969 0.044444444444444446
0 0.17674418604651163 0.7025 0.14728682170542637 0.041666666666666664
0 0.41550387596899224 0.7025 0.15348837209302327 0.045
0 0.9065891472868217 0.9325 0.14031007751937985 0.041666666666666664
0 0.4073643410852713 0.9327777777777778 0.12015503875968993 0.043333333333333335
0 0.6585271317829458 0.9333333333333333 0.14651162790697675 0.044444444444444446
0 0.19186046511627908 0.9358333333333333 0.12015503875968993 0.03722222222222222
0 0.18255813953488373 0.24444444444444444 0.14186046511627906 0.04666666666666667
0 0.6631782945736434 0.24444444444444444 0.14806201550387596 0.04777777777777778
0 0.9007751937984496 0.24472222222222223 0.14418604651162792 0.04611111111111111
0 0.42131782945736435 0.24555555555555555 0.1496124031007752 0.044444444444444446
0 0.9038759689922481 0.4725 0.14728682170542637 0.04388888888888889
0 0.1817829457364341 0.4727777777777778 0.14186046511627906 0.044444444444444446
0 0.6643410852713179 0.4738888888888889 0.14418604651162792 0.04777777777777778
0 0.4135658914728682 0.47583333333333333 0.14186046511627906 0.042777777777777776