0 0.8253731343283582 0.6972222222222222 0.14925373134328357 0.028888888888888888
0 0.46380597014925373 0.7019444444444445 0.07686567164179105 0.02388888888888889
0 0.0955223880597015 0.7022222222222222 0.1328358208955224 0.024444444444444446
0 0.5690298507462687 0.7027777777777777 0.11119402985074626 0.022222222222222223
0 0.3365671641791045 0.7036111111111111 0.10895522388059702 0.020555555555555556
0 0.23208955223880598 0.9288888888888889 0.1761194029850746 0.03111111111111111
0 0.5369402985074627 0.9486111111111111 0.20970149253731343 0.020555555555555556
0 0.2294776119402985 0.96 0.18880597014925374 0.03333333333333333
0 0.8791044776119403 0.9683333333333334 0.1746268656716418 0.021111111111111112
0 0.5242537313432836 0.9711111111111111 0.22014925373134328 0.03
0 0.8246268656716418 0.29583333333333334 0.27611940298507465 0.075
0 0.6130597014925373 0.5191666666666667 0.2007462686567164 0.021666666666666667
0 0.3824626865671642 0.52 0.20671641791044776 0.022222222222222223
0 0.8305970149253732 0.5208333333333334 0.14925373134328357 0.020555555555555556
0 0.14365671641791045 0.5216666666666666 0.22164179104477613 0.02