0 0.810077519379845 0.6880555555555555 0.17519379844961241 0.045
0 0.19147286821705425 0.7691666666666667 0.16899224806201552 0.03833333333333333
0 0.4666666666666667 0.7797222222222222 0.15813953488372093 0.04833333333333333
0 0.7515503875968992 0.8144444444444444 0.2534883720930233 0.05555555555555555
0 0.17829457364341086 0.8791666666666667 0.19689922480620156 0.04611111111111111
0 0.610077519379845 0.9686111111111111 0.17674418604651163 0.04388888888888889
0 0.3856589147286822 0.9694444444444444 0.19612403100775194 0.04555555555555556
0 0.9073643410852713 0.26166666666666666 0.1511627906976744 0.043333333333333335
0 0.6616279069767442 0.2619444444444444 0.1387596899224806 0.04055555555555555
0 0.17364341085271318 0.26222222222222225 0.13333333333333333 0.043333333333333335
0 0.4166666666666667 0.26416666666666666 0.13565891472868216 0.03388888888888889
0 0.17248062015503876 0.4841666666666667 0.1310077519379845 0.04055555555555555
0 0.6662790697674419 0.4841666666666667 0.1449612403100775 0.035
0 0.9027131782945736 0.48527777777777775 0.1325581395348837 0.041666666666666664
0 0.4186046511627907 0.48583333333333334 0.13643410852713178 0.03611111111111111