0 0.5321705426356589 0.5666666666666667 0.22713178294573644 0.04777777777777778
0 0.18643410852713177 0.5694444444444444 0.16046511627906976 0.05
0 0.8333333333333334 0.5744444444444444 0.11162790697674418 0.03888888888888889
0 0.21627906976744185 0.7591666666666667 0.21705426356589147 0.035
0 0.8368217054263566 0.7605555555555555 0.15271317829457365 0.04
0 0.49263565891472866 0.7616666666666667 0.1310077519379845 0.03777777777777778
0 0.8209302325581396 0.9419444444444445 0.12713178294573643 0.04055555555555555
0 0.48875968992248064 0.9419444444444445 0.12790697674418605 0.04055555555555555
0 0.4434108527131783 0.1463888888888889 0.11782945736434108 0.06055555555555556
0 0.9310077519379845 0.14694444444444443 0.10697674418604651 0.065
0 0.4352713178294574 0.33444444444444443 0.12790697674418605 0.04777777777777778
0 0.9248062015503876 0.3475 0.10232558139534884 0.075