0 0.4049489395129615 0.615 0.11861743912018853 0.028888888888888888
0 0.7152395915161037 0.6161111111111112 0.1249018067556952 0.03111111111111111
0 0.11586802827965435 0.625 0.09819324430479183 0.03222222222222222
0 0.41555380989787905 0.645 0.14454045561665357 0.027777777777777776
0 0.7179890023566379 0.645 0.13197172034564023 0.02666666666666667
0 0.11979575805184603 0.6463888888888889 0.11076197957580518 0.018333333333333333
0 0.7105263157894737 0.8730555555555556 0.11547525530243519 0.029444444444444443
0 0.4112333071484682 0.8738888888888889 0.12175962293794187 0.03111111111111111
0 0.12961508248232523 0.8752777777777778 0.14139827179890024 0.03166666666666667
0 0.41633935585231735 0.9027777777777778 0.13197172034564023 0.02666666666666667
0 0.7179890023566379 0.9027777777777778 0.13511390416339356 0.027777777777777776
0 0.7553024351924588 0.3075 0.1044776119402985 0.03277777777777778
0 0.7560879811468971 0.33805555555555555 0.10604870384917518 0.030555555555555555
0 0.18735271013354282 0.3763888888888889 0.13275726630007856 0.03166666666666667
0 0.19049489395129615 0.4027777777777778 0.14375490966221524 0.024444444444444446