0 0.7545168892380204 0.6858333333333333 0.12961508248232523 0.035
0 0.16928515318146112 0.6863888888888889 0.12333071484681854 0.030555555555555555
0 0.4548311076197958 0.6869444444444445 0.11940298507462686 0.03166666666666667
0 0.744304791830322 0.7147222222222223 0.11233307148468186 0.026111111111111113
0 0.16967792615868027 0.715 0.1272584446190102 0.027777777777777776
0 0.4622937941869599 0.7152777777777778 0.1311861743912019 0.025
0 0.8456402199528672 0.8708333333333333 0.10290652003142184 0.02722222222222222
0 0.42969363707776903 0.8769444444444444 0.13197172034564023 0.028333333333333332
0 0.8460329929300864 0.8969444444444444 0.10840534171249018 0.030555555555555555
0 0.42733699921445406 0.9033333333333333 0.12568735271013354 0.03222222222222222
0 0.23762765121759624 0.3086111111111111 0.1610369206598586 0.03277777777777778
0 0.23959151610369206 0.33666666666666667 0.15710919088766692 0.03222222222222222
0 0.8542812254516889 0.3572222222222222 0.13275726630007856 0.028888888888888888
0 0.6669285153181461 0.35805555555555557 0.14139827179890024 0.02722222222222222
0 0.8605655930871956 0.3836111111111111 0.13747054202670855 0.030555555555555555
0 0.6677140612725845 0.38722222222222225 0.13982717989002358 0.03333333333333333
0 0.6708562450903378 0.5163888888888889 0.1539670070699136 0.035
0 0.20738413197172034 0.5166666666666667 0.12882953652788687 0.028888888888888888
0 0.6739984289080911 0.5447222222222222 0.16025137470542028 0.025
0 0.2069913589945012 0.5452777777777778 0.1358994501178319 0.026111111111111113