0 0.12829457364341085 0.7105555555555556 0.175968992248062 0.03888888888888889
0 0.8713178294573644 0.7108333333333333 0.16279069767441862 0.03833333333333333
0 0.3825581395348837 0.7113888888888888 0.1387596899224806 0.03722222222222222
0 0.6232558139534884 0.7116666666666667 0.18604651162790697 0.03777777777777778
0 0.37906976744186044 0.9438888888888889 0.15968992248062017 0.042222222222222223
0 0.6178294573643411 0.9438888888888889 0.20465116279069767 0.04
0 0.8767441860465116 0.9444444444444444 0.17519379844961241 0.04
0 0.12829457364341085 0.9444444444444444 0.24263565891472869 0.03888888888888889
0 0.8728682170542635 0.24888888888888888 0.2 0.043333333333333335
0 0.38488372093023254 0.24944444444444444 0.17751937984496124 0.044444444444444446
0 0.6294573643410852 0.25305555555555553 0.15348837209302327 0.04055555555555555
0 0.1263565891472868 0.25333333333333335 0.17674418604651163 0.04
0 0.8717054263565891 0.4797222222222222 0.16666666666666666 0.045
0 0.12713178294573643 0.48388888888888887 0.16124031007751938 0.034444444444444444
0 0.3794573643410853 0.48388888888888887 0.16511627906976745 0.03666666666666667
0 0.6209302325581395 0.4841666666666667 0.20155038759689922 0.03722222222222222