0 0.5934108527131783 0.7019444444444445 0.10155038759689923 0.05388888888888889
0 0.26589147286821707 0.7036111111111111 0.09767441860465116 0.055
0 0.9174418604651163 0.7063888888888888 0.10310077519379846 0.06388888888888888
0 0.9209302325581395 0.8925 0.10387596899224806 0.05722222222222222
0 0.27248062015503877 0.8941666666666667 0.1124031007751938 0.05611111111111111
0 0.5996124031007752 0.8977777777777778 0.11395348837209303 0.06555555555555556
0 0.5914728682170542 0.16361111111111112 0.10232558139534884 0.05388888888888889
0 0.922093023255814 0.1661111111111111 0.10775193798449613 0.06333333333333334
0 0.2755813953488372 0.16694444444444445 0.10775193798449613 0.06277777777777778
0 0.26472868217054263 0.34694444444444444 0.08449612403100776 0.051666666666666666
0 0.5941860465116279 0.3477777777777778 0.09844961240310078 0.05
0 0.9236434108527132 0.34944444444444445 0.10930232558139535 0.05555555555555555
0 0.9205426356589147 0.5244444444444445 0.10310077519379846 0.05333333333333334
0 0.5930232558139535 0.5244444444444445 0.10232558139534884 0.05333333333333334
0 0.27635658914728684 0.525 0.11085271317829458 0.05333333333333334