0 0.9017295597484277 0.6725 0.12106918238993711 0.021666666666666667
0 0.2059748427672956 0.6730555555555555 0.10220125786163523 0.017222222222222222
0 0.39897798742138363 0.6736111111111112 0.18160377358490565 0.019444444444444445
0 0.627751572327044 0.6791666666666667 0.1988993710691824 0.03166666666666667
0 0.6702044025157232 0.8361111111111111 0.1139937106918239 0.01888888888888889
0 0.4485062893081761 0.8366666666666667 0.08254716981132075 0.016666666666666666
0 0.8974056603773585 0.8369444444444445 0.12971698113207547 0.021666666666666667
0 0.21108490566037735 0.8369444444444445 0.09198113207547169 0.018333333333333333
0 0.18514150943396226 0.17944444444444443 0.14229559748427673 0.01888888888888889
0 0.6619496855345912 0.18 0.1320754716981132 0.017777777777777778
0 0.8926886792452831 0.1802777777777778 0.14229559748427673 0.021666666666666667
0 0.4441823899371069 0.1802777777777778 0.0959119496855346 0.020555555555555556
0 0.9072327044025157 0.3425 0.11163522012578617 0.021666666666666667
0 0.4331761006289308 0.3427777777777778 0.11635220125786164 0.01888888888888889
0 0.6878930817610063 0.34305555555555556 0.07861635220125786 0.018333333333333333
0 0.18592767295597484 0.3438888888888889 0.14072327044025157 0.01888888888888889
0 0.1949685534591195 0.5075 0.12264150943396226 0.017222222222222222
0 0.4516509433962264 0.5075 0.07625786163522012 0.018333333333333333
0 0.6800314465408805 0.5077777777777778 0.0959119496855346 0.017777777777777778
0 0.914308176100629 0.5086111111111111 0.0959119496855346 0.019444444444444445