0 0.8647798742138365 0.6716666666666666 0.1949685534591195 0.02
0 0.14465408805031446 0.6725 0.22327044025157233 0.015
0 0.6136006289308176 0.6725 0.2240566037735849 0.01611111111111111
0 0.3977987421383648 0.6794444444444444 0.18396226415094338 0.027777777777777776
0 0.8828616352201258 0.8361111111111111 0.15566037735849056 0.01888888888888889
0 0.1804245283018868 0.8366666666666667 0.15172955974842767 0.017777777777777778
0 0.4025157232704403 0.8369444444444445 0.1761006289308176 0.018333333333333333
0 0.6426886792452831 0.8408333333333333 0.1611635220125786 0.01611111111111111
0 0.1694182389937107 0.17972222222222223 0.17374213836477986 0.018333333333333333
0 0.3812893081761006 0.17972222222222223 0.23270440251572327 0.018333333333333333
0 0.8525943396226415 0.18 0.2209119496855346 0.016666666666666666
0 0.6206761006289309 0.1802777777777778 0.20833333333333334 0.017222222222222222
0 0.38797169811320753 0.3436111111111111 0.20204402515723272 0.019444444444444445
0 0.6234276729559748 0.3438888888888889 0.21226415094339623 0.034444444444444444
0 0.14897798742138366 0.34444444444444444 0.21933962264150944 0.017777777777777778
0 0.8824685534591195 0.3458333333333333 0.15644654088050314 0.03166666666666667
0 0.14819182389937108 0.5069444444444444 0.22877358490566038 0.018333333333333333
0 0.6474056603773585 0.5069444444444444 0.15644654088050314 0.013888888888888888
0 0.8671383647798742 0.5072222222222222 0.1792452830188679 0.017777777777777778
0 0.4044811320754717 0.5072222222222222 0.1690251572327044 0.017777777777777778