0 0.6618224666142969 0.6761111111111111 0.10133542812254517 0.027777777777777776
0 0.17831893165750196 0.6769444444444445 0.1335428122545169 0.028333333333333332
0 0.1814611154752553 0.7047222222222222 0.13982717989002358 0.025
0 0.6700706991358995 0.7047222222222222 0.12097407698350353 0.026111111111111113
0 0.12686567164179105 0.8786111111111111 0.1201885310290652 0.02722222222222222
0 0.7152395915161037 0.8825 0.11233307148468186 0.03166666666666667
0 0.42105263157894735 0.8844444444444445 0.11626080125687353 0.03
0 0.12647289866457187 0.9069444444444444 0.12254516889238021 0.025
0 0.42812254516889237 0.9108333333333334 0.13040062843676356 0.025
0 0.7242733699921445 0.9111111111111111 0.12882953652788687 0.025555555555555557
0 0.3236449332285939 0.19 0.1178318931657502 0.025555555555555557
0 0.3236449332285939 0.21583333333333332 0.1178318931657502 0.025
0 0.7615868028279654 0.29 0.09347996857816182 0.042222222222222223
0 0.769835035349568 0.32472222222222225 0.11311861743912019 0.030555555555555555
0 0.15435978004713274 0.3761111111111111 0.12333071484681854 0.024444444444444446
0 0.1575019638648861 0.4038888888888889 0.13275726630007856 0.028888888888888888