0 0.8911696359411309 0.7038888888888889 0.104570100697134 0.05555555555555555
0 0.6576297443841983 0.7083333333333334 0.12703330751355538 0.04888888888888889
0 0.419442292796282 0.7091666666666666 0.13400464756003097 0.045
0 0.18048024786986833 0.7094444444444444 0.12703330751355538 0.044444444444444446
0 0.9097598760650658 0.9386111111111111 0.14794732765298219 0.051666666666666666
0 0.4240898528272657 0.9391666666666667 0.1402013942680093 0.05277777777777778
0 0.6607281177381874 0.9402777777777778 0.13477924089852827 0.04833333333333333
0 0.17815646785437644 0.9419444444444445 0.14407436096049575 0.03722222222222222
0 0.6680867544539117 0.2475 0.14794732765298219 0.06166666666666667
0 0.9016266460108443 0.25 0.1409759876065066 0.057777777777777775
0 0.42486444616576297 0.2577777777777778 0.14794732765298219 0.043333333333333335
0 0.17699457784663053 0.25833333333333336 0.1402013942680093 0.04
0 0.9089852827265685 0.475 0.14794732765298219 0.052222222222222225
0 0.6661502711076684 0.4791666666666667 0.15027110766847404 0.051666666666666666
0 0.4244771494965143 0.48583333333333334 0.14717273431448488 0.03833333333333333
0 0.18512780790085206 0.4861111111111111 0.14407436096049575 0.04111111111111111