0 0.915891472868217 0.6961111111111111 0.1124031007751938 0.052222222222222225
0 0.17829457364341086 0.6969444444444445 0.11782945736434108 0.05611111111111111
0 0.42713178294573645 0.6977777777777778 0.12403100775193798 0.051111111111111114
0 0.6837209302325581 0.7008333333333333 0.12713178294573643 0.04722222222222222
0 0.5720930232558139 0.9088888888888889 0.13178294573643412 0.05444444444444444
0 0.2627906976744186 0.9094444444444445 0.12868217054263567 0.052222222222222225
0 0.8546511627906976 0.9119444444444444 0.17131782945736435 0.049444444444444444
0 0.4186046511627907 0.25 0.13488372093023257 0.05444444444444444
0 0.1813953488372093 0.25222222222222224 0.15038759689922482 0.04777777777777778
0 0.6674418604651163 0.25472222222222224 0.14728682170542637 0.04388888888888889
0 0.9031007751937985 0.2575 0.13333333333333333 0.03722222222222222
0 0.9031007751937985 0.475 0.13178294573643412 0.05333333333333334
0 0.6662790697674419 0.47805555555555557 0.1449612403100775 0.050555555555555555
0 0.4236434108527132 0.4802777777777778 0.1449612403100775 0.051666666666666666
0 0.17790697674418604 0.48055555555555557 0.14186046511627906 0.051111111111111114