0 0.6736434108527132 0.6933333333333334 0.10852713178294573 0.05333333333333334
0 0.11434108527131782 0.7594444444444445 0.21007751937984495 0.03888888888888889
0 0.34031007751937986 0.7616666666666667 0.16124031007751938 0.04
0 0.2302325581395349 0.9563888888888888 0.19534883720930232 0.035
0 0.7476744186046511 0.9627777777777777 0.14651162790697675 0.058888888888888886
0 0.9073643410852713 0.9641666666666666 0.14806201550387596 0.065
0 0.5585271317829458 0.9644444444444444 0.1744186046511628 0.06222222222222222
0 0.12790697674418605 0.2786111111111111 0.17829457364341086 0.041666666666666664
0 0.3744186046511628 0.2797222222222222 0.24186046511627907 0.04388888888888889
0 0.8709302325581395 0.2813888888888889 0.15891472868217055 0.04611111111111111
0 0.6224806201550388 0.2816666666666667 0.25116279069767444 0.04111111111111111
0 0.13062015503875968 0.49166666666666664 0.13410852713178295 0.03777777777777778
0 0.4507751937984496 0.49166666666666664 0.24108527131782945 0.03777777777777778
0 0.8015503875968992 0.4930555555555556 0.2248062015503876 0.03944444444444444