0 0.22780832678711704 0.6 0.16025137470542028 0.03
0 0.6673212882953653 0.6005555555555555 0.12961508248232523 0.03
0 0.6661429693637078 0.6275 0.13511390416339356 0.026111111111111113
0 0.22780832678711704 0.6286111111111111 0.16182246661429694 0.026111111111111113
0 0.4544383346425766 0.8780555555555556 0.1044776119402985 0.030555555555555555
0 0.7549096622152396 0.8783333333333333 0.12097407698350353 0.03333333333333333
0 0.1645718774548311 0.8813888888888889 0.10133542812254517 0.028333333333333332
0 0.7521602513747054 0.9077777777777778 0.12175962293794187 0.027777777777777776
0 0.1610369206598586 0.9080555555555555 0.0974076983503535 0.02388888888888889
0 0.44854673998428907 0.9083333333333333 0.09583660644147683 0.027777777777777776
0 0.6284367635506677 0.29638888888888887 0.15239591516103693 0.030555555555555555
0 0.2258444619010212 0.2975 0.12647289866457187 0.029444444444444443
0 0.22505891594658287 0.3236111111111111 0.13747054202670855 0.025
0 0.6284367635506677 0.3236111111111111 0.14925373134328357 0.025