0 0.9248062015503876 0.7105555555555556 0.08992248062015504 0.052222222222222225
0 0.2655038759689923 0.7116666666666667 0.09689922480620156 0.044444444444444446
0 0.5918604651162791 0.7116666666666667 0.09224806201550388 0.042222222222222223
0 0.2251937984496124 0.9319444444444445 0.15426356589147286 0.04833333333333333
0 0.5286821705426357 0.9355555555555556 0.12558139534883722 0.04111111111111111
0 0.862015503875969 0.9366666666666666 0.12093023255813953 0.034444444444444444
0 0.6003875968992248 0.15805555555555556 0.1124031007751938 0.051666666666666666
0 0.9151162790697674 0.1597222222222222 0.08449612403100776 0.051666666666666666
0 0.27868217054263567 0.16194444444444445 0.10465116279069768 0.058333333333333334
0 0.27286821705426356 0.3463888888888889 0.09302325581395349 0.05611111111111111
0 0.9344961240310078 0.35944444444444446 0.11550387596899225 0.08
0 0.5949612403100775 0.3641666666666667 0.10775193798449613 0.08944444444444444
0 0.5965116279069768 0.52 0.10310077519379846 0.06333333333333334
0 0.9213178294573643 0.5244444444444445 0.0937984496124031 0.07222222222222222
0 0.27364341085271315 0.5258333333333334 0.11627906976744186 0.06944444444444445