0 0.6232558139534884 0.7133333333333334 0.24186046511627907 0.04666666666666667
0 0.1313953488372093 0.7138888888888889 0.2116279069767442 0.04111111111111111
0 0.8713178294573644 0.7147222222222223 0.16434108527131783 0.042777777777777776
0 0.3767441860465116 0.715 0.15038759689922482 0.04111111111111111
0 0.37829457364341085 0.9416666666666667 0.2186046511627907 0.044444444444444446
0 0.8635658914728682 0.9425 0.19689922480620156 0.041666666666666664
0 0.1325581395348837 0.9427777777777778 0.2124031007751938 0.042222222222222223
0 0.627906976744186 0.9427777777777778 0.1875968992248062 0.042222222222222223
0 0.1313953488372093 0.25583333333333336 0.175968992248062 0.03833333333333333
0 0.37751937984496126 0.2561111111111111 0.19224806201550387 0.04111111111111111
0 0.8624031007751938 0.2563888888888889 0.25193798449612403 0.042777777777777776
0 0.6186046511627907 0.2588888888888889 0.15968992248062017 0.043333333333333335
0 0.37751937984496126 0.4866666666666667 0.21395348837209302 0.04
0 0.8658914728682171 0.4872222222222222 0.16744186046511628 0.044444444444444446
0 0.6224806201550388 0.48777777777777775 0.1813953488372093 0.043333333333333335
0 0.12790697674418605 0.4886111111111111 0.16744186046511628 0.041666666666666664