0 0.6662790697674419 0.7086111111111111 0.14806201550387596 0.04833333333333333
0 0.4186046511627907 0.7088888888888889 0.13798449612403102 0.04888888888888889
0 0.17790697674418604 0.7136111111111111 0.1434108527131783 0.041666666666666664
0 0.9065891472868217 0.7141666666666666 0.1434108527131783 0.03833333333333333
0 0.5042635658914729 0.9372222222222222 0.15271317829457365 0.04555555555555556
0 0.15891472868217055 0.9388888888888889 0.10387596899224806 0.042222222222222223
0 0.8554263565891473 0.9422222222222222 0.2131782945736434 0.042222222222222223
0 0.6550387596899225 0.2513888888888889 0.12558139534883722 0.05611111111111111
0 0.4197674418604651 0.25416666666666665 0.1387596899224806 0.055
0 0.9096899224806202 0.25583333333333336 0.14806201550387596 0.04611111111111111
0 0.17054263565891473 0.25666666666666665 0.12868217054263567 0.04888888888888889
0 0.9085271317829458 0.4761111111111111 0.14883720930232558 0.052222222222222225
0 0.6647286821705426 0.48083333333333333 0.1434108527131783 0.04611111111111111
0 0.42093023255813955 0.48138888888888887 0.14263565891472868 0.045
0 0.17674418604651163 0.48333333333333334 0.14263565891472868 0.044444444444444446