0 0.6584043377226956 0.5775 0.13632842757552285 0.035
0 0.8996901626646011 0.5777777777777777 0.13400464756003097 0.03777777777777778
0 0.42099147947327653 0.5786111111111111 0.13400464756003097 0.03277777777777778
0 0.15917893106119288 0.58 0.10147172734314484 0.03666666666666667
0 0.656855151045701 0.7597222222222222 0.13168086754453912 0.035
0 0.8985282726568552 0.7608333333333334 0.13013168086754454 0.035
0 0.4206041828040279 0.9419444444444445 0.13013168086754454 0.03611111111111111
0 0.6719597211463981 0.9419444444444445 0.12006196746707978 0.03388888888888889
0 0.9163439194422928 0.9430555555555555 0.12238574748257165 0.03611111111111111
0 0.17738187451587917 0.9430555555555555 0.1332300542215337 0.03388888888888889
0 0.6289697908597986 0.21444444444444444 0.07126258714175059 0.03888888888888889
0 0.8694810224632068 0.215 0.07203718048024788 0.03777777777777778
0 0.1386522075910147 0.2152777777777778 0.069713400464756 0.03833333333333333
0 0.3907823392718823 0.21583333333333332 0.07358636715724244 0.03722222222222222
0 0.8892331525948877 0.39166666666666666 0.10844306738962045 0.03777777777777778
0 0.6475600309837335 0.3972222222222222 0.10844306738962045 0.03888888888888889
0 0.4085979860573199 0.3983333333333333 0.10147172734314484 0.03777777777777778
0 0.1611154144074361 0.39861111111111114 0.11463981409759876 0.03722222222222222