0 0.12983630952380953 0.6736111111111112 0.16592261904761904 0.03611111111111111
0 0.7764136904761905 0.6741666666666667 0.12872023809523808 0.015
0 0.4453125 0.6838888888888889 0.15252976190476192 0.03222222222222222
0 0.7790178571428571 0.7036111111111111 0.13690476190476192 0.045
0 0.12760416666666666 0.7108333333333333 0.16741071428571427 0.04611111111111111
0 0.44494047619047616 0.7133333333333334 0.15625 0.034444444444444444
0 0.13095238095238096 0.9422222222222222 0.1488095238095238 0.03333333333333333
0 0.8779761904761905 0.9436111111111111 0.1875 0.019444444444444445
0 0.8519345238095238 0.9641666666666666 0.23809523809523808 0.03277777777777778
0 0.34598214285714285 0.1897222222222222 0.19940476190476192 0.018333333333333333
0 0.33556547619047616 0.21194444444444444 0.23214285714285715 0.030555555555555555
0 0.4646577380952381 0.4097222222222222 0.15252976190476192 0.051666666666666666
0 0.7842261904761905 0.42027777777777775 0.14136904761904762 0.03277777777777778
0 0.46837797619047616 0.4558333333333333 0.13913690476190477 0.04722222222222222
0 0.7749255952380952 0.45666666666666667 0.16592261904761904 0.044444444444444446