0 0.17751937984496124 0.7116666666666667 0.13488372093023257 0.042222222222222223
0 0.6515503875968992 0.7119444444444445 0.12015503875968993 0.041666666666666664
0 0.8930232558139535 0.7125 0.12093023255813953 0.04055555555555555
0 0.41472868217054265 0.715 0.12248062015503876 0.035555555555555556
0 0.8965116279069767 0.9422222222222222 0.12790697674418605 0.04111111111111111
0 0.6503875968992248 0.9422222222222222 0.11937984496124031 0.04111111111111111
0 0.413953488372093 0.9425 0.11937984496124031 0.03944444444444444
0 0.16782945736434107 0.9427777777777778 0.1124031007751938 0.04
0 0.6511627906976745 0.2511111111111111 0.11627906976744186 0.04111111111111111
0 0.4197674418604651 0.2513888888888889 0.13410852713178295 0.04055555555555555
0 0.16627906976744186 0.25194444444444447 0.1062015503875969 0.03944444444444444
0 0.8856589147286822 0.25222222222222224 0.10310077519379846 0.04
0 0.16472868217054262 0.4816666666666667 0.1 0.04111111111111111
0 0.4170542635658915 0.4816666666666667 0.12868217054263567 0.043333333333333335
0 0.6573643410852713 0.48194444444444445 0.11007751937984496 0.04055555555555555
0 0.8941860465116279 0.4825 0.12325581395348838 0.04055555555555555