0 0.3570306362922231 0.5630555555555555 0.27572663000785547 0.03388888888888889
0 0.11586802827965435 0.5633333333333334 0.1453260015710919 0.06
0 0.8531029065200314 0.5641666666666667 0.13982717989002358 0.04722222222222222
0 0.6260801256873527 0.5644444444444444 0.20581304006284368 0.034444444444444444
0 0.6535742340926944 0.7094444444444444 0.20267085624509035 0.016666666666666666
0 0.2898664571877455 0.7097222222222223 0.24509033778476041 0.018333333333333333
0 0.654752553024352 0.7266666666666667 0.2788688138256088 0.02
0 0.2898664571877455 0.7286111111111111 0.3110761979575805 0.018333333333333333
0 0.17478397486252945 0.9425 0.1720345640219953 0.02277777777777778
0 0.47643362136684997 0.9436111111111111 0.1814611154752553 0.018333333333333333
0 0.781618224666143 0.9436111111111111 0.1681068342498036 0.018333333333333333
0 0.47761194029850745 0.9605555555555556 0.24823252160251374 0.02
0 0.17871170463472114 0.9608333333333333 0.27572663000785547 0.018333333333333333
0 0.36959937156323647 0.18888888888888888 0.1044776119402985 0.023333333333333334
0 0.8134328358208955 0.18944444444444444 0.10919088766692851 0.02666666666666667
0 0.3762765121759623 0.21472222222222223 0.12097407698350353 0.025
0 0.8177533385703064 0.21694444444444444 0.12097407698350353 0.02722222222222222
0 0.40377062058130403 0.44416666666666665 0.10054988216810684 0.028333333333333332
0 0.11272584446190102 0.44472222222222224 0.08719560094265515 0.026111111111111113
0 0.7117046347211312 0.44472222222222224 0.13668499607227022 0.026111111111111113
0 0.7097407698350353 0.47 0.14375490966221524 0.02666666666666667
0 0.1201885310290652 0.4708333333333333 0.10840534171249018 0.02277777777777778
0 0.4139827179890024 0.4708333333333333 0.11626080125687353 0.025