0 0.786046511627907 0.5741666666666667 0.09922480620155039 0.03277777777777778
0 0.47093023255813954 0.5747222222222222 0.1062015503875969 0.03388888888888889
0 0.14186046511627906 0.5755555555555556 0.08682170542635659 0.035555555555555556
0 0.6341085271317829 0.7577777777777778 0.11007751937984496 0.03333333333333333
0 0.16162790697674417 0.7580555555555556 0.12170542635658915 0.03611111111111111
0 0.13410852713178295 0.9405555555555556 0.07441860465116279 0.03222222222222222
0 0.6143410852713178 0.9405555555555556 0.06744186046511629 0.03888888888888889
0 0.7755813953488372 0.21027777777777779 0.07829457364341086 0.03388888888888889
0 0.48255813953488375 0.21055555555555555 0.1248062015503876 0.034444444444444444
0 0.15930232558139534 0.21222222222222223 0.1248062015503876 0.035555555555555556
0 0.7930232558139535 0.39222222222222225 0.11472868217054263 0.034444444444444444
0 0.48294573643410854 0.3927777777777778 0.12713178294573643 0.03222222222222222