0 0.3748062015503876 0.7086111111111111 0.22868217054263565 0.04388888888888889
0 0.6201550387596899 0.7088888888888889 0.16744186046511628 0.03888888888888889
0 0.8744186046511628 0.7091666666666666 0.17829457364341086 0.041666666666666664
0 0.13488372093023257 0.7116666666666667 0.2248062015503876 0.04555555555555556
0 0.6224806201550388 0.9394444444444444 0.21705426356589147 0.043333333333333335
0 0.13333333333333333 0.9402777777777778 0.2372093023255814 0.03944444444444444
0 0.3736434108527132 0.9402777777777778 0.15503875968992248 0.04055555555555555
0 0.872093023255814 0.9422222222222222 0.18294573643410852 0.04
0 0.37868217054263564 0.25083333333333335 0.1883720930232558 0.042777777777777776
0 0.8744186046511628 0.2511111111111111 0.15503875968992248 0.04111111111111111
0 0.622093023255814 0.2511111111111111 0.16666666666666666 0.04111111111111111
0 0.13333333333333333 0.25166666666666665 0.20310077519379846 0.035555555555555556
0 0.6209302325581395 0.48055555555555557 0.1937984496124031 0.04111111111111111
0 0.3817829457364341 0.4811111111111111 0.15426356589147286 0.04111111111111111
0 0.13372093023255813 0.4816666666666667 0.17906976744186046 0.043333333333333335
0 0.8736434108527131 0.48333333333333334 0.19069767441860466 0.03888888888888889