0 0.23291437549096622 0.6183333333333333 0.2992930086410055 0.027777777777777776
0 0.6987431264728987 0.6222222222222222 0.24273369992144542 0.02
0 0.23487824037706206 0.6416666666666667 0.28908091123330715 0.02
0 0.7474469756480754 0.6438888888888888 0.1563236449332286 0.022222222222222223
0 0.18735271013354282 0.8766666666666667 0.20816967792615867 0.02
0 0.6653574234092694 0.8783333333333333 0.1586802827965436 0.02
0 0.21798900235663787 0.8941666666666667 0.15318146111547526 0.021666666666666667
0 0.6555380989787902 0.9008333333333334 0.1814611154752553 0.025
0 0.8208955223880597 0.09416666666666666 0.20109976433621368 0.06833333333333333
0 0.7977219167321288 0.39 0.21602513747054203 0.044444444444444446
0 0.1959937156323645 0.3913888888888889 0.19088766692851533 0.03388888888888889
0 0.4866457187745483 0.3927777777777778 0.25216025137470544 0.03333333333333333
0 0.7906520031421839 0.4191666666666667 0.2333071484681854 0.02388888888888889
0 0.21091908876669285 0.41944444444444445 0.1516103692065986 0.025555555555555557
0 0.5015710919088767 0.42 0.2128829536527887 0.017777777777777778