0 0.42713178294573645 0.7094444444444444 0.14883720930232558 0.056666666666666664
0 0.8996124031007752 0.7125 0.12945736434108526 0.04833333333333333
0 0.6670542635658915 0.7130555555555556 0.14651162790697675 0.049444444444444444
0 0.1806201550387597 0.7161111111111111 0.14728682170542637 0.04
0 0.9027131782945736 0.9316666666666666 0.12790697674418605 0.05555555555555555
0 0.42868217054263563 0.9352777777777778 0.15038759689922482 0.05611111111111111
0 0.6674418604651163 0.9369444444444445 0.14573643410852713 0.055
0 0.17674418604651163 0.9372222222222222 0.14263565891472868 0.04555555555555556
0 0.42209302325581394 0.24944444444444444 0.1434108527131783 0.06111111111111111
0 0.8957364341085271 0.25416666666666665 0.11550387596899225 0.05611111111111111
0 0.17945736434108528 0.25527777777777777 0.1496124031007752 0.05611111111111111
0 0.6670542635658915 0.25666666666666665 0.14806201550387596 0.05333333333333334
0 0.1810077519379845 0.48277777777777775 0.14806201550387596 0.05333333333333334
0 0.6631782945736434 0.48277777777777775 0.14031007751937985 0.05444444444444444
0 0.9034883720930232 0.4841666666666667 0.1325581395348837 0.04833333333333333
0 0.4255813953488372 0.48444444444444446 0.14728682170542637 0.04888888888888889