0 0.18023255813953487 0.7072222222222222 0.14186046511627906 0.04777777777777778
0 0.8236434108527132 0.7102777777777778 0.1434108527131783 0.045
0 0.5143410852713178 0.7122222222222222 0.16511627906976745 0.042222222222222223
0 0.5015503875968992 0.9372222222222222 0.13798449612403102 0.04555555555555556
0 0.8209302325581396 0.9425 0.13333333333333333 0.03833333333333333
0 0.17364341085271318 0.9444444444444444 0.13178294573643412 0.03333333333333333
0 0.8972868217054264 0.25583333333333336 0.12015503875968993 0.04611111111111111
0 0.42054263565891475 0.2561111111111111 0.13410852713178295 0.042222222222222223
0 0.6612403100775194 0.2563888888888889 0.13333333333333333 0.042777777777777776
0 0.17790697674418604 0.2569444444444444 0.1387596899224806 0.04611111111111111
0 0.665891472868217 0.4766666666666667 0.14263565891472868 0.052222222222222225
0 0.17674418604651163 0.4797222222222222 0.13488372093023257 0.04611111111111111
0 0.9069767441860465 0.48055555555555557 0.13643410852713178 0.04777777777777778
0 0.4201550387596899 0.4836111111111111 0.13333333333333333 0.041666666666666664