0 0.5109976433621367 0.5625 0.192458758837392 0.01611111111111111
0 0.8417124901806756 0.5627777777777778 0.1201885310290652 0.016666666666666666
0 0.15907305577376277 0.5630555555555555 0.12961508248232523 0.018333333333333333
0 0.14375490966221524 0.7477777777777778 0.16653574234092694 0.021111111111111112
0 0.3860958366064415 0.7477777777777778 0.11704634721131187 0.016666666666666666
0 0.6260801256873527 0.7477777777777778 0.16182246661429694 0.017777777777777778
0 0.8727415553809897 0.7480555555555556 0.14139827179890024 0.018333333333333333
0 0.12804399057344854 0.9266666666666666 0.14611154752553024 0.02
0 0.8531029065200314 0.9272222222222222 0.0974076983503535 0.017777777777777778
0 0.6300078554595444 0.9275 0.1476826394344069 0.018333333333333333
0 0.3680282796543598 0.9280555555555555 0.11704634721131187 0.018333333333333333
0 0.8271798900235664 0.20055555555555554 0.18695993715632364 0.02
0 0.4795758051846033 0.2013888888888889 0.15789473684210525 0.021666666666666667
0 0.1575019638648861 0.2025 0.12333071484681854 0.021666666666666667
0 0.8303220738413197 0.3813888888888889 0.1335428122545169 0.02277777777777778
0 0.17478397486252945 0.38166666666666665 0.18303220738413198 0.021111111111111112
0 0.5102120974076984 0.38166666666666665 0.17046347211311863 0.02