0 0.12780790085205268 0.7027777777777777 0.16731216111541442 0.042222222222222223
0 0.378001549186677 0.7027777777777777 0.14562354763749033 0.044444444444444446
0 0.6247095274980635 0.7063888888888888 0.19442292796281951 0.035
0 0.8702556158017041 0.7069444444444445 0.2099147947327653 0.03944444444444444
0 0.8563129357087529 0.9391666666666667 0.16498838109992253 0.04833333333333333
0 0.6196746707978311 0.9402777777777778 0.17505809450038728 0.042777777777777776
0 0.13245546088303642 0.9433333333333334 0.1533694810224632 0.03777777777777778
0 0.3772269558481797 0.9433333333333334 0.1409759876065066 0.03666666666666667
0 0.9295120061967467 0.14166666666666666 0.11154144074360961 0.051111111111111114
0 0.26800929512006194 0.14527777777777778 0.09759876065065841 0.06166666666666667
0 0.5972114639814098 0.1463888888888889 0.09914794732765299 0.06388888888888888
0 0.9206041828040279 0.2947222222222222 0.09372579395817196 0.05611111111111111
0 0.2784663051897754 0.29777777777777775 0.11541440743609604 0.06222222222222222
0 0.5995352439969016 0.29833333333333334 0.10224632068164213 0.06
0 0.40201394268009294 0.4411111111111111 0.10379550735863671 0.044444444444444446
0 0.9159566227730441 0.4494444444444444 0.10302091402013942 0.06333333333333334