0 0.37195600942655144 0.6866666666666666 0.2128829536527887 0.05333333333333334
0 0.6967792615868028 0.7508333333333334 0.17596229379418696 0.042777777777777776
0 0.199528672427337 0.7941666666666667 0.13197172034564023 0.04611111111111111
0 0.36213668499607227 0.8941666666666667 0.16025137470542028 0.04611111111111111
0 0.6543597800471328 0.9491666666666667 0.09112333071484682 0.04388888888888889
0 0.2537313432835821 0.9494444444444444 0.16182246661429694 0.042222222222222223
0 0.9010212097407698 0.95 0.13511390416339356 0.04666666666666667
0 0.6178318931657502 0.23666666666666666 0.192458758837392 0.02666666666666667
0 0.17635506677140614 0.23694444444444446 0.1861743912018853 0.025
0 0.3970934799685782 0.23694444444444446 0.197172034564022 0.026111111111111113
0 0.8362136684996072 0.23833333333333334 0.19088766692851533 0.02666666666666667
0 0.7435192458758837 0.36833333333333335 0.20502749410840534 0.025555555555555557
0 0.2749410840534171 0.3686111111111111 0.20738413197172034 0.026111111111111113
0 0.5078554595443834 0.37 0.211311861743912 0.023333333333333334