0 0.4229559748427673 0.6730555555555555 0.1430817610062893 0.018333333333333333
0 0.8820754716981132 0.6738888888888889 0.16666666666666666 0.02
0 0.1540880503144654 0.6738888888888889 0.2059748427672956 0.01888888888888889
0 0.6379716981132075 0.6786111111111112 0.18474842767295596 0.03388888888888889
0 0.4441823899371069 0.8366666666666667 0.0959119496855346 0.015555555555555555
0 0.14583333333333334 0.8369444444444445 0.21776729559748428 0.019444444444444445
0 0.6749213836477987 0.8372222222222222 0.10770440251572327 0.015555555555555555
0 0.6438679245283019 0.17777777777777778 0.17138364779874213 0.034444444444444444
0 0.16312893081761007 0.17888888888888888 0.18474842767295596 0.022222222222222223
0 0.3816823899371069 0.1802777777777778 0.22720125786163523 0.03388888888888889
0 0.8580974842767296 0.18055555555555555 0.20361635220125787 0.01888888888888889
0 0.1544811320754717 0.3438888888888889 0.21462264150943397 0.01888888888888889
0 0.6446540880503144 0.3441666666666667 0.17138364779874213 0.03166666666666667
0 0.8577044025157232 0.345 0.21226415094339623 0.03
0 0.41745283018867924 0.3452777777777778 0.14779874213836477 0.030555555555555555
0 0.1619496855345912 0.5072222222222222 0.1918238993710692 0.021111111111111112
0 0.8565251572327044 0.5077777777777778 0.2099056603773585 0.02
0 0.6560534591194969 0.5077777777777778 0.14072327044025157 0.017777777777777778
0 0.4202044025157233 0.5083333333333333 0.14386792452830188 0.01888888888888889