0 0.8922955974842768 0.6627777777777778 0.09433962264150944 0.014444444444444444
0 0.5825471698113207 0.6627777777777778 0.09433962264150944 0.017777777777777778
0 0.28577044025157233 0.6633333333333333 0.07940251572327044 0.017777777777777778
0 0.5467767295597484 0.8530555555555556 0.17059748427672955 0.01611111111111111
0 0.2507861635220126 0.8538888888888889 0.14622641509433962 0.014444444444444444
0 0.8895440251572327 0.8544444444444445 0.10770440251572327 0.016666666666666666
0 0.45754716981132076 0.2338888888888889 0.07232704402515723 0.016666666666666666
0 0.9135220125786163 0.23444444444444446 0.09276729559748427 0.016666666666666666
0 0.6804245283018868 0.23444444444444446 0.09040880503144653 0.017777777777777778
0 0.1945754716981132 0.235 0.11871069182389937 0.014444444444444444
0 0.8903301886792453 0.4652777777777778 0.14072327044025157 0.012777777777777779
0 0.45794025157232704 0.4652777777777778 0.06682389937106918 0.01611111111111111
0 0.6650943396226415 0.46555555555555556 0.12578616352201258 0.015555555555555555
0 0.2209119496855346 0.4661111111111111 0.0660377358490566 0.013333333333333334