0 0.44170403587443946 0.6769444444444445 0.16442451420029897 0.030555555555555555
0 0.11846038863976084 0.6863888888888889 0.16666666666666666 0.03388888888888889
0 0.7526158445440957 0.6927777777777778 0.1375186846038864 0.03333333333333333
0 0.4431988041853513 0.7116666666666667 0.16442451420029897 0.04111111111111111
0 0.11621823617339312 0.7155555555555555 0.1741405082212257 0.028888888888888888
0 0.7552316890881914 0.7208333333333333 0.1382660687593423 0.028333333333333332
0 0.11808669656203288 0.9205555555555556 0.13901345291479822 0.044444444444444446
0 0.7772795216741405 0.9280555555555555 0.13452914798206278 0.03166666666666667
0 0.43310911808669655 0.9469444444444445 0.1412556053811659 0.029444444444444443
0 0.11136023916292975 0.9633333333333334 0.15994020926756353 0.043333333333333335
0 0.7645739910313901 0.9655555555555555 0.16292974588938713 0.043333333333333335
0 0.4349775784753363 0.9761111111111112 0.14349775784753363 0.03111111111111111
0 0.22020926756352766 0.18888888888888888 0.22720478325859492 0.01888888888888889
0 0.22608370702541106 0.2111111111111111 0.21898355754857998 0.02666666666666667
0 0.7772795216741405 0.4261111111111111 0.17638266068759342 0.027777777777777776
0 0.12742899850523168 0.4330555555555556 0.1547085201793722 0.028333333333333332
0 0.437219730941704 0.43444444444444447 0.10911808669656203 0.03111111111111111
0 0.765695067264574 0.46055555555555555 0.19357249626307924 0.04
0 0.11547085201793722 0.4622222222222222 0.18011958146487295 0.03111111111111111
0 0.4289985052316891 0.46305555555555555 0.12705530642750373 0.029444444444444443