0 0.8341194968553459 0.6866666666666666 0.2248427672955975 0.023333333333333334
0 0.1281446540880503 0.6933333333333334 0.17452830188679244 0.023333333333333334
0 0.3498427672955975 0.6988888888888889 0.19811320754716982 0.03
0 0.5632861635220126 0.7002777777777778 0.17531446540880502 0.029444444444444443
0 0.35062893081761004 0.9022222222222223 0.16666666666666666 0.028888888888888888
0 0.1253930817610063 0.9033333333333333 0.1611635220125786 0.027777777777777776
0 0.5593553459119497 0.9058333333333334 0.19261006289308177 0.028333333333333332
0 0.8105345911949685 0.9102777777777777 0.15566037735849056 0.02277777777777778
0 0.5129716981132075 0.25583333333333336 0.17059748427672955 0.019444444444444445
0 0.8305817610062893 0.2577777777777778 0.24449685534591195 0.034444444444444444
0 0.15566037735849056 0.2586111111111111 0.17138364779874213 0.028333333333333332
0 0.11871069182389937 0.4727777777777778 0.15723270440251572 0.023333333333333334
0 0.33176100628930816 0.47583333333333333 0.13836477987421383 0.02722222222222222
0 0.5534591194968553 0.47583333333333333 0.16823899371069181 0.02722222222222222
0 0.8321540880503144 0.47833333333333333 0.19261006289308177 0.03