0 0.537984496124031 0.5744444444444444 0.2124031007751938 0.04555555555555556
0 0.8585271317829457 0.5752777777777778 0.2193798449612403 0.042777777777777776
0 0.237984496124031 0.5755555555555556 0.2062015503875969 0.03777777777777778
0 0.8573643410852713 0.7494444444444445 0.21705426356589147 0.05555555555555555
0 0.49883720930232556 0.7572222222222222 0.14031007751937985 0.03888888888888889
0 0.2372093023255814 0.7583333333333333 0.20930232558139536 0.03777777777777778
0 0.16434108527131783 0.9391666666666667 0.11472868217054263 0.04611111111111111
0 0.8817829457364341 0.9416666666666667 0.1062015503875969 0.04111111111111111
0 0.41472868217054265 0.9416666666666667 0.13178294573643412 0.042222222222222223
0 0.6484496124031007 0.9427777777777778 0.12015503875968993 0.03777777777777778
0 0.26744186046511625 0.20416666666666666 0.11627906976744186 0.049444444444444444
0 0.4992248062015504 0.2061111111111111 0.13798449612403102 0.04777777777777778
0 0.7631782945736434 0.20944444444444443 0.16666666666666666 0.03888888888888889
0 0.5434108527131783 0.3913888888888889 0.22790697674418606 0.041666666666666664
0 0.19651162790697674 0.39222222222222225 0.17131782945736435 0.04111111111111111
0 0.8329457364341085 0.39361111111111113 0.16666666666666666 0.04388888888888889