0 0.3762765121759623 0.5588888888888889 0.06598586017282011 0.008888888888888889
0 0.6956009426551453 0.5647222222222222 0.08719560094265515 0.017222222222222222
0 0.4018067556952082 0.5672222222222222 0.1201885310290652 0.01
0 0.0997643362136685 0.5677777777777778 0.08483896307934014 0.0077777777777777776
0 0.105655930871956 0.5747222222222222 0.09662215239591516 0.008333333333333333
0 0.11586802827965435 0.7041666666666667 0.11390416339355852 0.009444444444444445
0 0.09897879025923016 0.7125 0.08012568735271014 0.010555555555555556
0 0.5121759622937941 0.7216666666666667 0.12097407698350353 0.0077777777777777776
0 0.5192458758837392 0.7302777777777778 0.1335428122545169 0.010555555555555556
0 0.096229379418696 0.8294444444444444 0.0793401413982718 0.0077777777777777776
0 0.6861743912018853 0.8372222222222222 0.0840534171249018 0.008888888888888889
0 0.1044776119402985 0.8375 0.09269442262372349 0.009444444444444445
0 0.6944226237234878 0.8463888888888889 0.10054988216810684 0.010555555555555556
0 0.10644147682639435 0.2772222222222222 0.09347996857816182 0.0077777777777777776
0 0.0840534171249018 0.2847222222222222 0.05341712490180676 0.008333333333333333
0 0.6468970934799686 0.285 0.23016496465043204 0.01
0 0.6504320502749411 0.2941666666666667 0.2356637863315004 0.010555555555555556
0 0.08719560094265515 0.4186111111111111 0.06441476826394343 0.008333333333333333
0 0.37077769049489395 0.42444444444444446 0.06441476826394343 0.008888888888888889
0 0.08680282796543598 0.42583333333333334 0.05734485467399843 0.007222222222222222
0 0.3770620581304006 0.43222222222222223 0.08012568735271014 0.01
0 0.6928515318146111 0.43333333333333335 0.08641005498821681 0.008888888888888889
0 0.6924587588373919 0.44083333333333335 0.08719560094265515 0.009444444444444445
0 0.7144540455616654 0.5519444444444445 0.12647289866457187 0.011666666666666667