0 0.8829536527886881 0.7313888888888889 0.08483896307934014 0.012777777777777779
0 0.2030636292223095 0.7319444444444444 0.06991358994501179 0.011666666666666667
0 0.6362922230950511 0.7325 0.06755695208169678 0.012777777777777779
0 0.09544383346425767 0.7327777777777778 0.07148468185388845 0.012222222222222223
0 0.5589159465828751 0.7333333333333333 0.06677140612725845 0.011111111111111112
0 0.7831893165750197 0.7333333333333333 0.07384131971720345 0.013333333333333334
0 0.8381775333857031 0.7452777777777778 0.18067556952081698 0.012777777777777779
0 0.1453260015710919 0.7452777777777778 0.18538884524744698 0.011666666666666667
0 0.5942655145326001 0.7455555555555555 0.14375490966221524 0.013333333333333334
0 0.18342498036135113 0.92 0.14689709347996857 0.013333333333333334
0 0.6429693637077769 0.9352777777777778 0.08091123330714847 0.011666666666666667
0 0.38295365278868815 0.9355555555555556 0.04320502749410841 0.013333333333333334
0 0.09269442262372349 0.9361111111111111 0.06755695208169678 0.013333333333333334
0 0.32128829536527886 0.9361111111111111 0.07069913589945012 0.012222222222222223
0 0.5589159465828751 0.9361111111111111 0.06991358994501179 0.012222222222222223
0 0.34642576590730556 0.9486111111111111 0.11626080125687353 0.012777777777777779
0 0.603299293008641 0.9488888888888889 0.16182246661429694 0.013333333333333334
0 0.3283582089552239 0.15944444444444444 0.3315003927729772 0.03666666666666667
0 0.49371563236449334 0.2733333333333333 0.17989002356637862 0.021111111111111112
0 0.48939512961508247 0.29444444444444445 0.21681068342498036 0.022222222222222223
0 0.7945797329143754 0.32861111111111113 0.31814611154752553 0.020555555555555556
0 0.7941869599371564 0.35 0.27336999214454044 0.021111111111111112
0 0.21956009426551454 0.4461111111111111 0.21445404556166536 0.014444444444444444
0 0.5153181461115475 0.45055555555555554 0.2199528672427337 0.02
0 0.2211311861743912 0.46166666666666667 0.24273369992144542 0.015555555555555555
0 0.5180675569520817 0.4741666666666667 0.211311861743912 0.02388888888888889