0 0.20502749410840534 0.5561111111111111 0.2717989002356638 0.012222222222222223
0 0.8311076197957581 0.5677777777777778 0.20267085624509035 0.012222222222222223
0 0.4913589945011783 0.5688888888888889 0.20188531029065201 0.013333333333333334
0 0.20345640219952868 0.5722222222222222 0.2859387274155538 0.017777777777777778
0 0.25294579732914374 0.7377777777777778 0.22152395915161036 0.013333333333333334
0 0.6936370777690495 0.7380555555555556 0.23409269442262373 0.012777777777777779
0 0.26433621366849963 0.7522222222222222 0.197172034564022 0.012222222222222223
0 0.7109190887666929 0.7522222222222222 0.21052631578947367 0.016666666666666666
0 0.5361351139041634 0.9247222222222222 0.23644933228593873 0.012777777777777779
0 0.2333071484681854 0.9266666666666666 0.21681068342498036 0.013333333333333334
0 0.530636292223095 0.94 0.2678711704634721 0.012222222222222223
0 0.2274155538098979 0.9408333333333333 0.2380204241948154 0.013888888888888888
0 0.7097407698350353 0.3408333333333333 0.32285938727415553 0.015
0 0.3279654359780047 0.3422222222222222 0.29615082482325217 0.014444444444444444
0 0.32521602513747055 0.35333333333333333 0.26865671641791045 0.011111111111111112
0 0.7124901806755696 0.35388888888888886 0.25765907305577374 0.012222222222222223
0 0.828750981932443 0.5547222222222222 0.2246661429693637 0.013888888888888888
0 0.49410840534171246 0.5552777777777778 0.22309505106048705 0.012777777777777779