0 0.47602201257861637 0.5777777777777777 0.23663522012578617 0.02
0 0.7959905660377359 0.5783333333333334 0.1957547169811321 0.022222222222222223
0 0.14229559748427673 0.5783333333333334 0.16823899371069181 0.021111111111111112
0 0.8121069182389937 0.7572222222222222 0.2279874213836478 0.021111111111111112
0 0.172562893081761 0.7575 0.23034591194968554 0.021666666666666667
0 0.41745283018867924 0.7577777777777778 0.12264150943396226 0.021111111111111112
0 0.3408018867924528 0.9038888888888889 0.1470125786163522 0.017777777777777778
0 0.12067610062893082 0.9052777777777777 0.17374213836477986 0.015
0 0.5982704402515723 0.9055555555555556 0.1761006289308176 0.016666666666666666
0 0.8313679245283019 0.9063888888888889 0.18474842767295596 0.01611111111111111
0 0.7189465408805031 0.20055555555555554 0.09198113207547169 0.02
0 0.1214622641509434 0.20083333333333334 0.125 0.018333333333333333
0 0.43946540880503143 0.2011111111111111 0.13679245283018868 0.02
0 0.12421383647798742 0.37916666666666665 0.1540880503144654 0.02277777777777778
0 0.7841981132075472 0.38055555555555554 0.1721698113207547 0.022222222222222223
0 0.4186320754716981 0.38083333333333336 0.11713836477987422 0.021666666666666667