0 0.3867924528301887 0.6722222222222223 0.20754716981132076 0.014444444444444444
0 0.1470125786163522 0.6727777777777778 0.21855345911949686 0.014444444444444444
0 0.6470125786163522 0.6730555555555555 0.15723270440251572 0.013888888888888888
0 0.8757861635220126 0.6733333333333333 0.16666666666666666 0.016666666666666666
0 0.19536163522012578 0.8363888888888888 0.12028301886792453 0.01611111111111111
0 0.8938679245283019 0.8369444444444445 0.12735849056603774 0.01611111111111111
0 0.4268867924528302 0.8375 0.1320754716981132 0.01611111111111111
0 0.6316823899371069 0.8375 0.18946540880503146 0.017222222222222222
0 0.85062893081761 0.17916666666666667 0.21855345911949686 0.01611111111111111
0 0.6210691823899371 0.17944444444444443 0.21226415094339623 0.014444444444444444
0 0.3922955974842767 0.18055555555555555 0.1949685534591195 0.016666666666666666
0 0.1501572327044025 0.18083333333333335 0.2138364779874214 0.019444444444444445
0 0.14583333333333334 0.3422222222222222 0.22877358490566038 0.015555555555555555
0 0.6501572327044025 0.3425 0.14779874213836477 0.013888888888888888
0 0.862814465408805 0.3427777777777778 0.19261006289308177 0.016666666666666666
0 0.38443396226415094 0.34305555555555556 0.20754716981132076 0.015
0 0.851808176100629 0.5066666666666667 0.22248427672955975 0.016666666666666666
0 0.6379716981132075 0.5069444444444444 0.17845911949685533 0.013888888888888888
0 0.38325471698113206 0.5072222222222222 0.22248427672955975 0.013333333333333334
0 0.17688679245283018 0.5075 0.15723270440251572 0.015