0 0.4206598586017282 0.6075 0.12961508248232523 0.028333333333333332
0 0.10840534171249018 0.6080555555555556 0.08955223880597014 0.030555555555555555
0 0.7203456402199528 0.6083333333333333 0.12882953652788687 0.028888888888888888
0 0.7101335428122545 0.6338888888888888 0.11940298507462686 0.025555555555555557
0 0.41987431264728986 0.6352777777777778 0.1311861743912019 0.028333333333333332
0 0.11115475255302436 0.6363888888888889 0.10133542812254517 0.025
0 0.1166535742340927 0.8838888888888888 0.11547525530243519 0.03333333333333333
0 0.7242733699921445 0.8897222222222222 0.13668499607227022 0.029444444444444443
0 0.42380204241948155 0.8905555555555555 0.12804399057344854 0.03333333333333333
0 0.40769835035349566 0.9166666666666666 0.09583660644147683 0.02666666666666667
0 0.7148468185388845 0.9175 0.11940298507462686 0.026111111111111113
0 0.3444619010212097 0.1713888888888889 0.11547525530243519 0.025
0 0.3413197172034564 0.2 0.10919088766692851 0.03111111111111111
0 0.7513747054202671 0.30194444444444446 0.1311861743912019 0.03166666666666667
0 0.7521602513747054 0.33 0.12647289866457187 0.02666666666666667
0 0.14689709347996857 0.37416666666666665 0.1335428122545169 0.030555555555555555
0 0.1453260015710919 0.4002777777777778 0.1272584446190102 0.028333333333333332