0 0.42921348314606744 0.6744444444444444 0.1348314606741573 0.03111111111111111
0 0.10149812734082397 0.6783333333333333 0.149063670411985 0.03111111111111111
0 0.099625468164794 0.7072222222222222 0.1453183520599251 0.034444444444444444
0 0.4288389513108614 0.7119444444444445 0.14157303370786517 0.04611111111111111
0 0.1198501872659176 0.9180555555555555 0.14681647940074907 0.03388888888888889
0 0.8872659176029962 0.9319444444444445 0.15655430711610488 0.01611111111111111
0 0.4411985018726592 0.9333333333333333 0.1393258426966292 0.027777777777777776
0 0.8520599250936329 0.9522222222222222 0.22397003745318353 0.03
0 0.11872659176029962 0.9619444444444445 0.15056179775280898 0.058333333333333334
0 0.4288389513108614 0.9683333333333334 0.16704119850187266 0.04666666666666667
0 0.6715355805243446 0.17916666666666667 0.1940074906367041 0.019444444444444445
0 0.6741573033707865 0.20333333333333334 0.20224719101123595 0.028888888888888888
0 0.2198501872659176 0.4241666666666667 0.1655430711610487 0.03166666666666667
0 0.4659176029962547 0.42444444444444446 0.14831460674157304 0.03
0 0.2205992509363296 0.45805555555555555 0.1760299625468165 0.04722222222222222
0 0.450187265917603 0.4588888888888889 0.17228464419475656 0.04777777777777778
0 0.898876404494382 0.4975 0.1348314606741573 0.020555555555555556
0 0.8951310861423221 0.5269444444444444 0.1453183520599251 0.045