0 0.16550387596899224 0.575 0.1248062015503876 0.03333333333333333
0 0.6174418604651163 0.575 0.07984496124031008 0.035555555555555556
0 0.8635658914728682 0.5755555555555556 0.09147286821705426 0.03777777777777778
0 0.3798449612403101 0.5755555555555556 0.08217054263565891 0.035555555555555556
0 0.15232558139534882 0.7575 0.09844961240310078 0.03388888888888889
0 0.39767441860465114 0.7583333333333333 0.11782945736434108 0.03777777777777778
0 0.8445736434108527 0.7586111111111111 0.05503875968992248 0.03611111111111111
0 0.6224806201550388 0.7586111111111111 0.08527131782945736 0.03611111111111111
0 0.3693798449612403 0.9402777777777778 0.06589147286821706 0.035
0 0.6244186046511628 0.9402777777777778 0.0937984496124031 0.03611111111111111
0 0.1507751937984496 0.9405555555555556 0.09534883720930233 0.035555555555555556
0 0.8515503875968993 0.9411111111111111 0.07364341085271318 0.035555555555555556
0 0.39031007751937985 0.21055555555555555 0.10465116279069768 0.034444444444444444
0 0.15193798449612403 0.2111111111111111 0.09612403100775194 0.03333333333333333
0 0.8527131782945736 0.21138888888888888 0.07286821705426356 0.035
0 0.6271317829457365 0.21138888888888888 0.09922480620155039 0.03611111111111111
0 0.15658914728682172 0.3925 0.10697674418604651 0.035
0 0.4054263565891473 0.3927777777777778 0.13178294573643412 0.035555555555555556
0 0.8713178294573644 0.39361111111111113 0.11162790697674418 0.035
0 0.6205426356589148 0.39416666666666667 0.08604651162790698 0.03611111111111111