0 0.42026708562450904 0.6086111111111111 0.12882953652788687 0.03277777777777778
0 0.7285938727415554 0.6086111111111111 0.1201885310290652 0.03277777777777778
0 0.12922230950510605 0.6091666666666666 0.12333071484681854 0.030555555555555555
0 0.41751767478397483 0.635 0.12647289866457187 0.028888888888888888
0 0.12686567164179105 0.6355555555555555 0.11547525530243519 0.027777777777777776
0 0.7258444619010213 0.6358333333333334 0.11311861743912019 0.025
0 0.4214454045561665 0.8825 0.11861743912018853 0.028333333333333332
0 0.7234878240377062 0.8836111111111111 0.1335428122545169 0.03277777777777778
0 0.1358994501178319 0.8838888888888888 0.13668499607227022 0.028888888888888888
0 0.7191673212882954 0.9088888888888889 0.12333071484681854 0.028888888888888888
0 0.4183032207384132 0.9097222222222222 0.11390416339355852 0.026111111111111113
0 0.3318931657501964 0.17472222222222222 0.11076197957580518 0.02722222222222222
0 0.3318931657501964 0.19916666666666666 0.12804399057344854 0.028333333333333332
0 0.7666928515318147 0.2947222222222222 0.1633935585231736 0.03388888888888889
0 0.7615868028279654 0.3244444444444444 0.15318146111547526 0.028888888888888888
0 0.16889238020424194 0.37277777777777776 0.12882953652788687 0.025555555555555557
0 0.1633935585231736 0.3983333333333333 0.1178318931657502 0.028888888888888888