0 0.21395348837209302 0.7119444444444445 0.17829457364341086 0.03722222222222222
0 0.8069767441860465 0.7122222222222222 0.11472868217054263 0.035555555555555556
0 0.501937984496124 0.7141666666666666 0.14186046511627906 0.03611111111111111
0 0.8240310077519379 0.9444444444444444 0.14883720930232558 0.03777777777777778
0 0.5310077519379846 0.9444444444444444 0.19844961240310077 0.03666666666666667
0 0.22170542635658916 0.9452777777777778 0.22790697674418606 0.04055555555555555
0 0.5077519379844961 0.2511111111111111 0.15503875968992248 0.03888888888888889
0 0.8352713178294574 0.2513888888888889 0.16666666666666666 0.04055555555555555
0 0.2 0.25194444444444447 0.1875968992248062 0.03611111111111111
0 0.20193798449612402 0.4802777777777778 0.16046511627906976 0.03722222222222222
0 0.5151162790697674 0.48055555555555557 0.16666666666666666 0.03777777777777778
0 0.8507751937984496 0.48083333333333333 0.20387596899224805 0.03833333333333333