0 0.1686046511627907 0.6391666666666667 0.11550387596899225 0.03166666666666667
0 0.4806201550387597 0.64 0.10852713178294573 0.034444444444444444
0 0.7992248062015503 0.6408333333333334 0.11937984496124031 0.03611111111111111
0 0.6426356589147287 0.7911111111111111 0.11627906976744186 0.03222222222222222
0 0.8693798449612403 0.7922222222222223 0.09844961240310078 0.03333333333333333
0 0.17131782945736435 0.7927777777777778 0.12248062015503876 0.03666666666666667
0 0.40968992248062014 0.7936111111111112 0.12325581395348838 0.035
0 0.8643410852713178 0.9452777777777778 0.09147286821705426 0.03388888888888889
0 0.16627906976744186 0.9461111111111111 0.11085271317829458 0.03333333333333333
0 0.4108527131782946 0.9461111111111111 0.12558139534883722 0.03666666666666667
0 0.6228682170542635 0.9461111111111111 0.09844961240310078 0.03666666666666667
0 0.16124031007751938 0.17972222222222223 0.10387596899224806 0.035
0 0.4748062015503876 0.1802777777777778 0.12170542635658915 0.035
0 0.7813953488372093 0.18083333333333335 0.10542635658914729 0.03722222222222222
0 0.5050387596899225 0.3322222222222222 0.1573643410852713 0.034444444444444444
0 0.1744186046511628 0.3325 0.12868217054263567 0.03388888888888889
0 0.8255813953488372 0.3333333333333333 0.16744186046511628 0.03333333333333333
0 0.16007751937984496 0.4861111111111111 0.1 0.034444444444444444
0 0.7957364341085271 0.4866666666666667 0.10930232558139535 0.03222222222222222
0 0.48992248062015503 0.48833333333333334 0.12558139534883722 0.03333333333333333