0 0.9038759689922481 0.7072222222222222 0.13178294573643412 0.05444444444444444
0 0.6569767441860465 0.7097222222222223 0.1263565891472868 0.045
0 0.175968992248062 0.7111111111111111 0.13953488372093023 0.044444444444444446
0 0.42131782945736435 0.7113888888888888 0.13565891472868216 0.041666666666666664
0 0.1810077519379845 0.9419444444444445 0.1496124031007752 0.04833333333333333
0 0.5034883720930232 0.9463888888888888 0.14651162790697675 0.03833333333333333
0 0.8127906976744186 0.9477777777777778 0.1248062015503876 0.03222222222222222
0 0.9062015503875969 0.25583333333333336 0.13798449612403102 0.051666666666666666
0 0.1755813953488372 0.26 0.1372093023255814 0.04777777777777778
0 0.6674418604651163 0.2602777777777778 0.14728682170542637 0.045
0 0.4228682170542636 0.2613888888888889 0.1449612403100775 0.041666666666666664
0 0.9069767441860465 0.48638888888888887 0.13953488372093023 0.04722222222222222
0 0.6558139534883721 0.48638888888888887 0.12558139534883722 0.04611111111111111
0 0.42674418604651165 0.4866666666666667 0.14651162790697675 0.04555555555555556
0 0.17868217054263566 0.4905555555555556 0.14651162790697675 0.04