0 0.7645739910313901 0.6863888888888889 0.38714499252615847 0.01611111111111111
0 0.21225710014947682 0.6961111111111111 0.2884902840059791 0.017777777777777778
0 0.7713004484304933 0.7138888888888889 0.3811659192825112 0.044444444444444446
0 0.24327354260089687 0.7177777777777777 0.2384155455904335 0.03
0 0.18348281016442453 0.9355555555555556 0.2787742899850523 0.03
0 0.8295964125560538 0.9638888888888889 0.27802690582959644 0.017777777777777778
0 0.53101644245142 0.9677777777777777 0.2399103139013453 0.017777777777777778
0 0.1789985052316891 0.9722222222222222 0.2907324364723468 0.04666666666666667
0 0.8572496263079222 0.9777777777777777 0.2227204783258595 0.017777777777777778
0 0.5052316890881914 0.9808333333333333 0.28550074738415543 0.017222222222222222
0 0.6984304932735426 0.18638888888888888 0.2384155455904335 0.019444444444444445
0 0.7309417040358744 0.2088888888888889 0.17937219730941703 0.028888888888888888
0 0.7552316890881914 0.44666666666666666 0.38938714499252614 0.01888888888888889
0 0.2171150971599402 0.45111111111111113 0.28325859491778776 0.015555555555555555
0 0.7720478325859492 0.4622222222222222 0.35575485799701045 0.01888888888888889
0 0.23542600896860988 0.4711111111111111 0.2556053811659193 0.03