0 0.9054263565891473 0.7016666666666667 0.14418604651162792 0.056666666666666664
0 0.41821705426356587 0.7058333333333333 0.1372093023255814 0.049444444444444444
0 0.17403100775193797 0.7063888888888888 0.1372093023255814 0.04611111111111111
0 0.6647286821705426 0.7094444444444444 0.14651162790697675 0.044444444444444446
0 0.5046511627906977 0.9361111111111111 0.15193798449612403 0.05333333333333334
0 0.827906976744186 0.9363888888888889 0.15813953488372093 0.051666666666666666
0 0.17364341085271318 0.9375 0.13333333333333333 0.03944444444444444
0 0.9085271317829458 0.24833333333333332 0.14883720930232558 0.052222222222222225
0 0.6612403100775194 0.25194444444444447 0.13953488372093023 0.05277777777777778
0 0.4193798449612403 0.2525 0.14573643410852713 0.051666666666666666
0 0.18023255813953487 0.25305555555555553 0.15271317829457365 0.04833333333333333
0 0.6577519379844962 0.4747222222222222 0.1325581395348837 0.05277777777777778
0 0.9015503875968992 0.4797222222222222 0.13643410852713178 0.042777777777777776
0 0.41550387596899224 0.4822222222222222 0.13333333333333333 0.04111111111111111
0 0.17751937984496124 0.4841666666666667 0.14263565891472868 0.03722222222222222