0 0.45362752430815256 0.6816666666666666 0.14884068810770382 0.027777777777777776
0 0.08713537771129394 0.07083333333333333 0.09050112191473449 0.020555555555555556
0 0.17090501121914733 0.7072222222222222 0.27898279730740466 0.015555555555555555
0 0.45175766641735227 0.7163888888888889 0.15856394913986538 0.04722222222222222
0 0.16978309648466716 0.7272222222222222 0.2707554225878833 0.027777777777777776
0 0.762528047868362 0.9211111111111111 0.1637995512341062 0.034444444444444444
0 0.11967090501121914 0.9447222222222222 0.1211667913238594 0.029444444444444443
0 0.45587135377711296 0.9475 0.15033657442034407 0.03388888888888889
0 0.7614061331338818 0.9588888888888889 0.15557217651458488 0.044444444444444446
0 0.10508601346297682 0.09666666666666666 0.1323859386686612 0.024444444444444446
0 0.12079281974569933 0.9730555555555556 0.12640239341810022 0.03166666666666667
0 0.09835452505609574 0.11388888888888889 0.11443530291697832 0.012222222222222223
0 0.8836948391922214 0.15916666666666668 0.14584891548242335 0.018333333333333333
0 0.3044128646222887 0.16 0.061331338818249814 0.016666666666666666
0 0.8204936424831712 0.17583333333333334 0.1974569932685116 0.01611111111111111
0 0.156320119670905 0.17583333333333334 0.10172026925953627 0.01611111111111111
0 0.12266267763649963 0.2025 0.1600598354525056 0.025
0 0.2715033657442034 0.20333333333333334 0.13014210919970082 0.02666666666666667
0 0.7572924457741211 0.20527777777777778 0.18474195961106957 0.021666666666666667
0 0.46896035901271504 0.2063888888888889 0.2318623784592371 0.02388888888888889
0 0.74981301421092 0.2288888888888889 0.17427075542258788 0.021111111111111112
0 0.42034405385190726 0.2363888888888889 0.1211667913238594 0.035
0 0.9027673896783844 0.3211111111111111 0.10919970082273747 0.015555555555555555
0 0.28721017202692595 0.3219444444444444 0.10172026925953627 0.01611111111111111
0 0.7864622288706058 0.3375 0.12789827973074047 0.015
0 0.1824981301421092 0.3375 0.16753926701570682 0.012777777777777779
0 0.7363500373971578 0.36777777777777776 0.1593118922961855 0.02666666666666667
0 0.26626776364996263 0.3736111111111111 0.1406133133881825 0.03611111111111111
0 0.11106955871353777 0.37527777777777777 0.1368735976065819 0.04722222222222222
0 0.7198952879581152 0.38916666666666666 0.11742707554225879 0.025
0 0.08227374719521316 0.0475 0.08526551982049364 0.029444444444444443
0 0.9274495138369484 0.4822222222222222 0.056843679880329095 0.016666666666666666
0 0.599476439790576 0.48305555555555557 0.09349289454001496 0.01611111111111111
0 0.3040388930441286 0.4855555555555556 0.06507105459985041 0.015555555555555555
0 0.7651458489154824 0.5002777777777778 0.08376963350785341 0.013888888888888888
0 0.168661181750187 0.5002777777777778 0.12789827973074047 0.015
0 0.518324607329843 0.5002777777777778 0.2094240837696335 0.015
0 0.7139117427075542 0.050833333333333335 0.10545998504113688 0.03944444444444444