0 0.19363707776904948 0.565 0.26472898664571876 0.04
0 0.49096622152395913 0.5652777777777778 0.21838177533385703 0.03611111111111111
0 0.7945797329143754 0.5658333333333333 0.3087195600942655 0.03944444444444444
0 0.49410840534171246 0.8063888888888889 0.3267871170463472 0.03833333333333333
0 0.19167321288295366 0.8075 0.24823252160251374 0.03833333333333333
0 0.8083267871170463 0.8083333333333333 0.20581304006284368 0.03666666666666667
0 0.4921445404556167 0.8447222222222223 0.2820109976433621 0.03944444444444444
0 0.8083267871170463 0.8452777777777778 0.24351924587588375 0.03833333333333333
0 0.798114689709348 0.5269444444444444 0.26394344069128045 0.03611111111111111
0 0.18931657501963864 0.5272222222222223 0.2670856245090338 0.03222222222222222
0 0.4921445404556167 0.5283333333333333 0.2584446190102121 0.04111111111111111