0 0.9062015503875969 0.6977777777777778 0.13953488372093023 0.06333333333333334
0 0.6651162790697674 0.6980555555555555 0.14263565891472868 0.06055555555555556
0 0.1631782945736434 0.7052777777777778 0.11395348837209303 0.04722222222222222
0 0.42131782945736435 0.7069444444444445 0.13565891472868216 0.04611111111111111
0 0.17131782945736435 0.9341666666666667 0.13488372093023257 0.051666666666666666
0 0.9046511627906977 0.9377777777777778 0.13488372093023257 0.043333333333333335
0 0.42248062015503873 0.9383333333333334 0.14108527131782947 0.04888888888888889
0 0.6612403100775194 0.9386111111111111 0.13643410852713178 0.04388888888888889
0 0.6534883720930232 0.25194444444444447 0.12248062015503876 0.04388888888888889
0 0.4174418604651163 0.25222222222222224 0.1325581395348837 0.044444444444444446
0 0.17713178294573642 0.25277777777777777 0.1434108527131783 0.04666666666666667
0 0.9027131782945736 0.25722222222222224 0.1325581395348837 0.03777777777777778
0 0.9038759689922481 0.4727777777777778 0.13488372093023257 0.05555555555555555
0 0.17209302325581396 0.48333333333333334 0.13333333333333333 0.03666666666666667
0 0.6577519379844962 0.48333333333333334 0.12945736434108526 0.04111111111111111
0 0.4186046511627907 0.48583333333333334 0.13643410852713178 0.035