0 0.2126572327044025 0.6116666666666667 0.13128930817610063 0.01888888888888889
0 0.8301886792452831 0.6236111111111111 0.2279874213836478 0.020555555555555556
0 0.550314465408805 0.6291666666666667 0.17138364779874213 0.020555555555555556
0 0.8384433962264151 0.91 0.22248427672955975 0.021111111111111112
0 0.39740566037735847 0.9105555555555556 0.17845911949685533 0.022222222222222223
0 0.6002358490566038 0.9130555555555555 0.1721698113207547 0.02722222222222222
0 0.1615566037735849 0.9147222222222222 0.19261006289308177 0.025
0 0.1690251572327044 0.23277777777777778 0.11949685534591195 0.01888888888888889
0 0.49724842767295596 0.245 0.1139937106918239 0.01888888888888889
0 0.5797955974842768 0.4325 0.15487421383647798 0.02277777777777778
0 0.19693396226415094 0.4338888888888889 0.15644654088050314 0.02