0 0.8267871170463472 0.6333333333333333 0.11547525530243519 0.028888888888888888
0 0.5514532600157109 0.6336111111111111 0.14139827179890024 0.030555555555555555
0 0.2627651217596229 0.6338888888888888 0.15475255302435192 0.03222222222222222
0 0.8271798900235664 0.6602777777777777 0.11154752553024352 0.026111111111111113
0 0.2702278083267871 0.6613888888888889 0.15082482325216026 0.028333333333333332
0 0.5573448546739984 0.6622222222222223 0.1406127258444619 0.02666666666666667
0 0.7254516889238021 0.8425 0.1610369206598586 0.03166666666666667
0 0.3904163393558523 0.8430555555555556 0.16025137470542028 0.030555555555555555
0 0.7285938727415554 0.8713888888888889 0.16889238020424194 0.03166666666666667
0 0.399057344854674 0.8725 0.1633935585231736 0.03277777777777778
0 0.5561665357423409 0.4172222222222222 0.1633935585231736 0.03111111111111111
0 0.8570306362922231 0.4175 0.1476826394344069 0.030555555555555555
0 0.2509819324430479 0.4177777777777778 0.17831893165750196 0.03222222222222222
0 0.2545168892380204 0.44333333333333336 0.1838177533385703 0.025555555555555557
0 0.5534171249018067 0.4436111111111111 0.19560094265514533 0.030555555555555555
0 0.8562450903377847 0.4452777777777778 0.13668499607227022 0.028333333333333332