0 0.2629744384198296 0.7027777777777777 0.08907823392718822 0.05444444444444444
0 0.5910147172734315 0.7033333333333334 0.08210689388071263 0.051111111111111114
0 0.9279628195197521 0.7175 0.11309062742060419 0.08277777777777778
0 0.6034082106893881 0.8941666666666667 0.10844306738962045 0.05611111111111111
0 0.27769171185127806 0.8975 0.11386522075910147 0.06277777777777778
0 0.9279628195197521 0.8977777777777778 0.10689388071262587 0.06111111111111111
0 0.9175058094500387 0.16166666666666665 0.08597986057319908 0.05333333333333334
0 0.5945003872966692 0.16166666666666665 0.10302091402013942 0.05333333333333334
0 0.2676219984508133 0.16583333333333333 0.09527498063516654 0.06055555555555556
0 0.9213787761425252 0.3422222222222222 0.09372579395817196 0.05333333333333334
0 0.592563903950426 0.3458333333333333 0.09914794732765299 0.06388888888888888
0 0.2703330751355538 0.3466666666666667 0.09759876065065841 0.06111111111111111
0 0.2699457784663052 0.5227777777777778 0.09372579395817196 0.04555555555555556
0 0.5902401239349342 0.5258333333333334 0.08675445391169635 0.058333333333333334
0 0.9202168861347793 0.53 0.09450038729666925 0.06