0 0.17519379844961241 0.7125 0.14573643410852713 0.05611111111111111
0 0.4193798449612403 0.7158333333333333 0.13798449612403102 0.050555555555555555
0 0.6655038759689923 0.7172222222222222 0.14031007751937985 0.04888888888888889
0 0.9046511627906977 0.7183333333333334 0.13488372093023257 0.04777777777777778
0 0.4236434108527132 0.9433333333333334 0.1310077519379845 0.05444444444444444
0 0.9031007751937985 0.9452777777777778 0.13798449612403102 0.04722222222222222
0 0.6515503875968992 0.9511111111111111 0.10930232558139535 0.03666666666666667
0 0.9116279069767442 0.2288888888888889 0.12093023255813953 0.05333333333333334
0 0.5833333333333334 0.2336111111111111 0.10775193798449613 0.06277777777777778
0 0.2596899224806202 0.235 0.10697674418604651 0.06111111111111111
0 0.9073643410852713 0.42444444444444446 0.11085271317829458 0.05444444444444444
0 0.5930232558139535 0.4675 0.13023255813953488 0.055
0 0.2589147286821705 0.4677777777777778 0.10697674418604651 0.05444444444444444