0 0.8644933228593873 0.5986111111111111 0.12961508248232523 0.028333333333333332
0 0.4713275726630008 0.5997222222222223 0.13197172034564023 0.026111111111111113
0 0.8609583660644148 0.6266666666666667 0.12568735271013354 0.027777777777777776
0 0.47368421052631576 0.6266666666666667 0.13668499607227022 0.027777777777777776
0 0.45758051846032993 0.8827777777777778 0.13747054202670855 0.035555555555555556
0 0.7494108405341713 0.8830555555555556 0.12568735271013354 0.029444444444444443
0 0.16771406127258445 0.8838888888888888 0.13432835820895522 0.03222222222222222
0 0.7494108405341713 0.9091666666666667 0.13040062843676356 0.026111111111111113
0 0.4603299293008641 0.9102777777777777 0.14139827179890024 0.025
0 0.41673212882953653 0.15805555555555556 0.12961508248232523 0.028333333333333332
0 0.8692065985860172 0.15861111111111112 0.12647289866457187 0.025
0 0.40691280439905736 0.1836111111111111 0.10369206598586017 0.026111111111111113
0 0.8644933228593873 0.18416666666666667 0.1201885310290652 0.025
0 0.1575019638648861 0.40555555555555556 0.11704634721131187 0.027777777777777776
0 0.44461901021209743 0.40555555555555556 0.09897879025923016 0.03222222222222222
0 0.7478397486252946 0.4066666666666667 0.1539670070699136 0.03333333333333333
0 0.14728986645718775 0.4338888888888889 0.10761979575805185 0.025555555555555557
0 0.7419481539670071 0.4338888888888889 0.1453260015710919 0.028888888888888888
0 0.4469756480754124 0.43444444444444447 0.10526315789473684 0.027777777777777776