0 0.8132861635220126 0.6736111111111112 0.19261006289308177 0.030555555555555555
0 0.16391509433962265 0.6863888888888889 0.22877358490566038 0.03166666666666667
0 0.4528301886792453 0.7258333333333333 0.22955974842767296 0.02722222222222222
0 0.6446540880503144 0.8936111111111111 0.20440251572327045 0.03611111111111111
0 0.1513364779874214 0.9125 0.2429245283018868 0.02722222222222222
0 0.8584905660377359 0.9130555555555555 0.21226415094339623 0.029444444444444443
0 0.4288522012578616 0.9141666666666667 0.20204402515723272 0.028333333333333332
0 0.10573899371069183 0.2247222222222222 0.1690251572327044 0.02277777777777778
0 0.7448899371069182 0.2247222222222222 0.16430817610062892 0.021666666666666667
0 0.4178459119496855 0.22916666666666666 0.1391509433962264 0.020555555555555556
0 0.7692610062893082 0.4305555555555556 0.2130503144654088 0.01888888888888889
0 0.14661949685534592 0.43083333333333335 0.22877358490566038 0.020555555555555556
0 0.4375 0.43194444444444446 0.19103773584905662 0.021666666666666667