0 0.42248062015503873 0.7011111111111111 0.13643410852713178 0.056666666666666664
0 0.1817829457364341 0.7016666666666667 0.1434108527131783 0.057777777777777775
0 0.9042635658914728 0.71 0.12790697674418605 0.035555555555555556
0 0.6573643410852713 0.7113888888888888 0.12248062015503876 0.03833333333333333
0 0.8344961240310077 0.9402777777777778 0.16046511627906976 0.04055555555555555
0 0.48527131782945737 0.9408333333333333 0.10697674418604651 0.035
0 0.18914728682170542 0.9438888888888889 0.15968992248062017 0.03666666666666667
0 0.1813953488372093 0.2525 0.14108527131782947 0.05388888888888889
0 0.9089147286821705 0.25805555555555554 0.1449612403100775 0.045
0 0.4232558139534884 0.2588888888888889 0.14108527131782947 0.03777777777777778
0 0.6643410852713179 0.26 0.13798449612403102 0.03888888888888889
0 0.6670542635658915 0.4761111111111111 0.1449612403100775 0.05444444444444444
0 0.18255813953488373 0.47888888888888886 0.1496124031007752 0.051111111111111114
0 0.9034883720930232 0.4802777777777778 0.12790697674418605 0.045
0 0.42441860465116277 0.4836111111111111 0.1434108527131783 0.035