0 0.8301886792452831 0.6833333333333333 0.23270440251572327 0.02
0 0.11006289308176101 0.6947222222222222 0.16823899371069181 0.026111111111111113
0 0.5526729559748428 0.6947222222222222 0.15566037735849056 0.02722222222222222
0 0.3474842767295597 0.8988888888888888 0.1918238993710692 0.027777777777777776
0 0.12382075471698113 0.8994444444444445 0.17531446540880502 0.02666666666666667
0 0.5605345911949685 0.9025 0.15566037735849056 0.029444444444444443
0 0.8160377358490566 0.9063888888888889 0.2138364779874214 0.019444444444444445
0 0.8136792452830188 0.24638888888888888 0.21855345911949686 0.03166666666666667
0 0.32861635220125784 0.24666666666666667 0.14937106918238993 0.021111111111111112
0 0.5538522012578616 0.25027777777777777 0.17059748427672955 0.028333333333333332
0 0.11477987421383648 0.25222222222222224 0.16666666666666666 0.027777777777777776
0 0.32822327044025157 0.4708333333333333 0.21462264150943397 0.028333333333333332
0 0.5530660377358491 0.4713888888888889 0.20518867924528303 0.028333333333333332
0 0.8250786163522013 0.47194444444444444 0.17374213836477986 0.02388888888888889
0 0.11517295597484277 0.47194444444444444 0.16745283018867924 0.026111111111111113