0 0.13295454545454546 0.7277777777777777 0.13863636363636364 0.03333333333333333
0 0.43257575757575756 0.7305555555555555 0.20606060606060606 0.015555555555555555
0 0.7549242424242424 0.7422222222222222 0.16136363636363638 0.015555555555555555
0 0.11856060606060606 0.7561111111111111 0.1734848484848485 0.03111111111111111
0 0.4659090909090909 0.7575 0.13787878787878788 0.04388888888888889
0 0.7602272727272728 0.765 0.16136363636363638 0.03
0 0.17575757575757575 0.08888888888888889 0.26666666666666666 0.027777777777777776
0 0.4928030303030303 0.08888888888888889 0.25075757575757573 0.027777777777777776
0 0.7678030303030303 0.9261111111111111 0.1340909090909091 0.03
0 0.12878787878787878 0.9452777777777778 0.1484848484848485 0.028333333333333332
0 0.45416666666666666 0.9480555555555555 0.16136363636363638 0.017222222222222222
0 0.7568181818181818 0.9619444444444445 0.15303030303030302 0.04722222222222222
0 0.4518939393939394 0.9713888888888889 0.17954545454545454 0.03166666666666667
0 0.17386363636363636 0.23277777777777778 0.26590909090909093 0.03
0 0.49242424242424243 0.2336111111111111 0.27121212121212124 0.028333333333333332
0 0.8136363636363636 0.24444444444444444 0.2772727272727273 0.03777777777777778
0 0.17916666666666667 0.37972222222222224 0.28106060606060607 0.028333333333333332
0 0.49772727272727274 0.38083333333333336 0.26666666666666666 0.03944444444444444