0 0.43474842767295596 0.5588888888888889 0.16352201257861634 0.021111111111111112
0 0.7598270440251572 0.5594444444444444 0.1878930817610063 0.02
0 0.13522012578616352 0.56 0.1918238993710692 0.023333333333333334
0 0.7562893081761006 0.7280555555555556 0.17452830188679244 0.019444444444444445
0 0.4382861635220126 0.7283333333333334 0.18946540880503146 0.01888888888888889
0 0.13875786163522014 0.73 0.1957547169811321 0.02
0 0.44654088050314467 0.9036111111111111 0.20125786163522014 0.020555555555555556
0 0.12028301886792453 0.9041666666666667 0.17138364779874213 0.018333333333333333
0 0.10455974842767296 0.21972222222222224 0.1430817610062893 0.021666666666666667
0 0.4257075471698113 0.21972222222222224 0.13757861635220126 0.018333333333333333
0 0.7480345911949685 0.22 0.17845911949685533 0.024444444444444446
0 0.4143081761006289 0.3894444444444444 0.1289308176100629 0.021111111111111112
0 0.7578616352201258 0.39055555555555554 0.1918238993710692 0.016666666666666666
0 0.12617924528301888 0.3908333333333333 0.17059748427672955 0.021666666666666667