0 0.7663000785545955 0.8 0.12175962293794187 0.042222222222222223
0 0.16889238020424194 0.8013888888888889 0.10054988216810684 0.03611111111111111
0 0.38177533385703066 0.8130555555555555 0.13825608798114689 0.041666666666666664
0 0.5589159465828751 0.8138888888888889 0.13275726630007856 0.04111111111111111
0 0.6115475255302435 0.1361111111111111 0.12961508248232523 0.03333333333333333
0 0.3566378633150039 0.14416666666666667 0.11468970934799685 0.041666666666666664
0 0.8291437549096622 0.18305555555555555 0.12961508248232523 0.04388888888888889
0 0.1331500392772977 0.18666666666666668 0.11390416339355852 0.03888888888888889
0 0.48860958366064416 0.5161111111111111 0.14611154752553024 0.044444444444444446
0 0.28554595443833464 0.5227777777777778 0.12647289866457187 0.043333333333333335
0 0.7140612725844462 0.5227777777777778 0.1178318931657502 0.044444444444444446