0 0.49204545454545456 0.0636111111111111 0.2553030303030303 0.02277777777777778
0 0.12992424242424241 0.7236111111111111 0.19166666666666668 0.04833333333333333
0 0.3946969696969697 0.7258333333333333 0.10757575757575757 0.045
0 0.7143939393939394 0.7325 0.1303030303030303 0.03277777777777778
0 0.09090909090909091 0.77 0.11515151515151516 0.027777777777777776
0 0.40984848484848485 0.7705555555555555 0.13636363636363635 0.03222222222222222
0 0.7272727272727273 0.7713888888888889 0.15454545454545454 0.026111111111111113
0 0.10113636363636364 0.9380555555555555 0.13712121212121212 0.05277777777777778
0 0.42954545454545456 0.9430555555555555 0.17575757575757575 0.042777777777777776
0 0.7378787878787879 0.9436111111111111 0.17272727272727273 0.04055555555555555
0 0.7242424242424242 0.11583333333333333 0.1484848484848485 0.02277777777777778
0 0.11098484848484849 0.11611111111111111 0.15984848484848485 0.023333333333333334
0 0.3939393939393939 0.11805555555555555 0.10606060606060606 0.026111111111111113
0 0.4303030303030303 0.28805555555555556 0.17424242424242425 0.05277777777777778
0 0.11136363636363636 0.2941666666666667 0.15151515151515152 0.03833333333333333
0 0.731439393939394 0.29833333333333334 0.1643939393939394 0.03222222222222222
0 0.34545454545454546 0.03361111111111111 0.1696969696969697 0.03833333333333333
0 0.09128787878787879 0.335 0.12045454545454545 0.027777777777777776
0 0.7215909090909091 0.33555555555555555 0.14469696969696969 0.025555555555555557
0 0.38636363636363635 0.33694444444444444 0.09242424242424242 0.02722222222222222
0 0.6041666666666666 0.03388888888888889 0.2143939393939394 0.03333333333333333
0 0.7431818181818182 0.5030555555555556 0.18787878787878787 0.04722222222222222
0 0.396969696969697 0.5083333333333333 0.10757575757575757 0.043333333333333335
0 0.1178030303030303 0.5086111111111111 0.17045454545454544 0.045
0 0.08446969696969697 0.5502777777777778 0.1159090909090909 0.025
0 0.7090909090909091 0.5508333333333333 0.11969696969696969 0.02722222222222222
0 0.42613636363636365 0.5516666666666666 0.18106060606060606 0.025555555555555557