0 0.720738413197172 0.6505555555555556 0.12961508248232523 0.027777777777777776
0 0.12136684996072271 0.6508333333333334 0.13432835820895522 0.03166666666666667
0 0.41516103692065986 0.6516666666666666 0.1249018067556952 0.03222222222222222
0 0.12450903377847604 0.6786111111111112 0.13275726630007856 0.029444444444444443
0 0.4147682639434407 0.6791666666666667 0.12568735271013354 0.02722222222222222
0 0.7215239591516104 0.6791666666666667 0.1358994501178319 0.028333333333333332
0 0.7132757266300078 0.8825 0.12097407698350353 0.03277777777777778
0 0.12411626080125687 0.8844444444444445 0.13040062843676356 0.03111111111111111
0 0.4135899450117832 0.8847222222222222 0.1249018067556952 0.03166666666666667
0 0.7187745483110762 0.91 0.1272584446190102 0.027777777777777776
0 0.4218381775333857 0.9113888888888889 0.1335428122545169 0.025
0 0.8000785545954439 0.18055555555555555 0.12333071484681854 0.03
0 0.8024351924587588 0.2086111111111111 0.13275726630007856 0.03166666666666667
0 0.8059701492537313 0.4013888888888889 0.11626080125687353 0.02722222222222222
0 0.19795758051846032 0.4177777777777778 0.13825608798114689 0.03
0 0.8075412411626081 0.4297222222222222 0.12254516889238021 0.028333333333333332
0 0.19363707776904948 0.4461111111111111 0.12804399057344854 0.025555555555555557