0 0.25168287210172025 0.6680555555555555 0.13986537023186238 0.03277777777777778
0 0.43829468960359014 0.6733333333333333 0.14360508601346297 0.03
0 0.7737471952131638 0.6875 0.16080777860882572 0.03388888888888889
0 0.25018698578908005 0.7036111111111111 0.15033657442034407 0.04611111111111111
0 0.43642483171278984 0.71 0.14285714285714285 0.04777777777777778
0 0.7587883320867614 0.7188888888888889 0.193717277486911 0.03333333333333333
0 0.9035153328347045 0.9152777777777777 0.13462976813762154 0.020555555555555556
0 0.43268511593118925 0.9397222222222222 0.16529543754674644 0.018333333333333333
0 0.12303664921465969 0.9466666666666667 0.13537771129394166 0.028888888888888888
0 0.9109947643979057 0.9502777777777778 0.12266267763649963 0.059444444444444446
0 0.4367988032909499 0.9680555555555556 0.1600598354525056 0.042777777777777776
0 0.11219147344801796 0.9766666666666667 0.1630516080777861 0.03333333333333333
0 0.34854151084517576 0.14805555555555555 0.1705310396409873 0.018333333333333333
0 0.36275243081525804 0.17944444444444443 0.16604338070306657 0.05
0 0.7685115931189229 0.42444444444444446 0.15033657442034407 0.03111111111111111
0 0.4655946148092745 0.4311111111111111 0.12789827973074047 0.01888888888888889
0 0.14136125654450263 0.43222222222222223 0.13313388182498131 0.021111111111111112
0 0.11443530291697832 0.4572222222222222 0.18399401645474944 0.03333333333333333
0 0.4341810022438295 0.4602777777777778 0.193717277486911 0.045
0 0.7707554225878833 0.4625 0.14734480179506357 0.04611111111111111