0 0.8413197172034564 0.5625 0.13982717989002358 0.019444444444444445
0 0.14650432050274942 0.5625 0.09190887666928516 0.01611111111111111
0 0.4890023566378633 0.5625 0.10133542812254517 0.019444444444444445
0 0.572663000785546 0.7475 0.14611154752553024 0.021666666666666667
0 0.8389630793401414 0.7480555555555556 0.11468970934799685 0.020555555555555556
0 0.14218381775333858 0.7483333333333333 0.1272584446190102 0.02
0 0.377847604084839 0.7486111111111111 0.13982717989002358 0.021666666666666667
0 0.8601728201099764 0.9272222222222222 0.13668499607227022 0.016666666666666666
0 0.6402199528672428 0.9275 0.11311861743912019 0.019444444444444445
0 0.41044776119402987 0.9277777777777778 0.1563236449332286 0.017777777777777778
0 0.5161036920659858 0.20166666666666666 0.12568735271013354 0.02
0 0.8106834249803614 0.20194444444444445 0.1272584446190102 0.017222222222222222
0 0.1476826394344069 0.20222222222222222 0.11311861743912019 0.017777777777777778
0 0.4713275726630008 0.38 0.14139827179890024 0.01888888888888889
0 0.14218381775333858 0.38055555555555554 0.11311861743912019 0.017777777777777778
0 0.8291437549096622 0.3813888888888889 0.15789473684210525 0.018333333333333333