0 0.523221 0.445 0.122097 0.0266667 0.300884
0 0.885393 0.905833 0.154307 0.0372222 0.409561
0 0.522097 0.900556 0.122846 0.0233333 0.451991
0 0.541573 0.453056 0.164794 0.035 0.472763
0 0.560674 0.477778 0.174532 0.0455556 0.663058
0 0.0992509 0.0397222 0.102622 0.0172222 0.69069
0 0.234831 0.913611 0.144569 0.0516667 0.710655
0 0.531461 0.69 0.123596 0.05 0.780163
0 0.897004 0.638611 0.116105 0.035 0.790325
0 0.22809 0.6875 0.132584 0.0572222 0.794592
0 0.244944 0.468056 0.166292 0.0561111 0.81123
0 0.86367 0.466389 0.125843 0.055 0.826815
0 0.543446 0.246111 0.149064 0.0655556 0.838847
0 0.220974 0.244167 0.11985 0.0572222 0.876094
0 0.852434 0.2425 0.104869 0.0538889 0.889004
